109 2913
0 1 514
0 2 3725
0 3 8679
0 4 2484
0 6 7826
0 8 1802
0 10 5404
0 11 2955
0 12 6150
0 13 8171
0 14 5900
0 15 1230
0 16 5618
0 18 1849
0 19 6392
0 20 1014
0 22 4556
0 23 9644
0 25 8568
0 28 7962
0 31 4806
0 33 2713
0 37 8288
0 38 8290
0 45 6793
0 47 9917
0 48 9564
0 50 9171
0 54 3261
0 55 3767
0 56 3981
0 57 6049
0 58 9820
0 60 3336
0 61 8806
0 62 9112
0 64 8541
0 65 737
0 66 3904
0 74 8122
0 75 7749
0 76 5471
0 78 2535
0 80 853
0 81 5910
0 82 3046
0 83 7643
0 84 3394
0 85 1719
0 86 302
0 87 5652
0 88 9747
0 89 7497
0 90 2904
0 91 5690
0 92 2610
0 93 4267
0 95 6236
0 97 1652
0 99 9460
0 100 8842
0 102 4003
0 103 3093
0 107 6077
1 3 3499
1 4 7938
1 5 8697
1 7 7634
1 10 155
1 14 578
1 15 974
1 20 427
1 21 688
1 22 1717
1 24 4780
1 29 5750
1 31 1515
1 35 4737
1 38 9868
1 40 3114
1 41 4024
1 43 5814
1 44 9069
1 45 3870
1 47 6945
1 48 645
1 49 4659
1 52 6207
1 54 7603
1 55 3771
1 56 6543
1 62 1290
1 65 4126
1 68 6755
1 69 5727
1 70 3998
1 72 7851
1 77 3379
1 79 225
1 80 6932
1 82 762
1 84 117
1 85 4680
1 87 7511
1 90 7847
1 92 4871
1 93 3027
1 96 3519
1 98 5933
1 100 6696
1 101 9420
1 103 5972
1 105 5274
1 106 5278
1 107 5881
2 4 1771
2 6 5618
2 7 2855
2 9 7287
2 13 6957
2 15 1284
2 16 1408
2 19 4818
2 20 2684
2 22 8790
2 25 9622
2 27 1579
2 31 9070
2 34 2527
2 35 1997
2 37 8217
2 38 8797
2 39 9863
2 40 2254
2 41 9904
2 43 8893
2 44 5425
2 45 7220
2 50 2937
2 52 754
2 53 3395
2 54 7731
2 55 9367
2 57 7174
2 58 5259
2 60 1004
2 62 168
2 64 7668
2 67 5429
2 68 1095
2 69 8133
2 70 8188
2 71 4015
2 72 788
2 73 9483
2 75 4058
2 77 1011
2 80 9822
2 84 7571
2 85 2013
2 86 887
2 87 9485
2 90 1512
2 91 5347
2 92 1881
2 93 1831
2 94 3363
2 95 2598
2 97 3234
2 99 7230
2 101 3632
2 102 2748
2 103 4646
2 106 4030
2 107 5831
3 5 2762
3 7 3269
3 8 4866
3 10 1038
3 14 1725
3 15 5661
3 18 3962
3 19 4645
3 20 9554
3 22 5027
3 24 5916
3 25 4897
3 26 8722
3 27 3255
3 30 9471
3 31 2036
3 32 8526
3 33 251
3 35 8537
3 39 4995
3 40 9216
3 42 8270
3 43 2237
3 44 1588
3 45 3474
3 48 8267
3 49 712
3 51 3682
3 52 6923
3 59 2143
3 60 8687
3 62 5915
3 67 3928
3 69 5113
3 70 6524
3 73 5889
3 76 2090
3 77 7893
3 80 91
3 82 8505
3 83 7833
3 84 2354
3 86 662
3 89 9790
3 90 3091
3 96 1374
3 97 6167
3 100 8018
3 102 4817
3 103 5401
3 104 5000
3 105 8782
3 106 7967
4 6 1538
4 9 204
4 14 3130
4 15 9865
4 16 9492
4 17 4365
4 18 5791
4 23 7388
4 26 4920
4 27 3080
4 28 3397
4 31 7817
4 33 1664
4 34 5155
4 35 1757
4 38 9670
4 39 9998
4 41 4655
4 45 940
4 46 8015
4 49 7773
4 50 6962
4 51 8663
4 52 2725
4 54 3010
4 55 5822
4 56 3769
4 59 918
4 63 4049
4 65 7985
4 68 3734
4 70 3750
4 73 7371
4 74 3042
4 76 5608
4 77 5647
4 79 1792
4 81 8201
4 87 175
4 88 8332
4 92 1595
4 93 4385
4 94 7894
4 96 3187
4 99 5119
4 100 6415
4 101 936
4 102 6358
4 103 2991
5 8 4363
5 12 4883
5 16 2491
5 17 5330
5 19 679
5 21 2610
5 26 7951
5 27 5912
5 28 1075
5 30 20
5 31 365
5 32 428
5 33 3913
5 34 2875
5 36 6694
5 42 1279
5 44 8688
5 47 8487
5 50 1436
5 54 8117
5 55 8864
5 56 4421
5 61 2075
5 63 2709
5 65 5546
5 68 4983
5 70 7068
5 72 4739
5 75 7079
5 76 1762
5 77 475
5 80 4178
5 81 5537
5 83 1822
5 84 6403
5 89 8044
5 90 582
5 91 5479
5 93 6094
5 103 1297
5 104 2366
5 105 3665
5 108 8524
6 8 7878
6 10 9442
6 12 4220
6 13 4529
6 14 6636
6 15 2046
6 16 843
6 19 9762
6 20 6957
6 21 7202
6 23 9001
6 24 9703
6 25 5057
6 26 4273
6 27 402
6 28 3233
6 29 3467
6 30 6605
6 32 6804
6 33 7989
6 35 993
6 36 9875
6 38 2749
6 42 1214
6 43 5307
6 44 3898
6 45 1820
6 48 142
6 51 7878
6 52 3268
6 54 7713
6 55 4776
6 57 3440
6 58 5083
6 59 7941
6 61 7833
6 63 2320
6 68 8404
6 69 1010
6 70 545
6 71 5399
6 72 7361
6 74 8319
6 75 8151
6 76 3310
6 78 6380
6 80 3782
6 82 8151
6 83 9028
6 84 2106
6 85 5968
6 88 2407
6 91 7647
6 92 1146
6 95 5256
6 99 5190
6 102 8650
6 104 5469
6 105 2363
6 106 2617
6 107 6040
7 8 3167
7 9 6
7 11 1242
7 14 9927
7 15 6085
7 16 1534
7 17 1672
7 19 9611
7 21 5298
7 26 1070
7 27 5543
7 28 3212
7 30 8668
7 31 2705
7 32 8916
7 33 6889
7 34 650
7 36 7749
7 37 1514
7 39 2554
7 42 4362
7 43 9089
7 45 9554
7 51 8567
7 52 9476
7 55 3264
7 56 7394
7 63 8794
7 65 2279
7 67 2379
7 68 2895
7 69 616
7 70 3514
7 74 8082
7 76 2274
7 80 4659
7 81 1947
7 83 9739
7 87 3329
7 89 331
7 92 1834
7 93 3198
7 95 4141
7 96 9266
7 99 7403
7 100 7340
7 101 2158
7 103 9479
7 104 1405
7 106 213
7 107 673
8 9 4854
8 10 5041
8 12 1136
8 14 1661
8 15 6647
8 17 6363
8 18 5622
8 19 9265
8 20 3297
8 21 15
8 23 4941
8 24 8358
8 25 3955
8 29 3329
8 30 3626
8 31 5957
8 35 8770
8 38 30
8 41 9352
8 43 8836
8 45 4239
8 47 5962
8 50 2446
8 52 2854
8 53 5113
8 54 7533
8 55 6858
8 56 7023
8 59 9498
8 61 9392
8 62 8744
8 63 2377
8 64 8650
8 65 470
8 66 5942
8 69 4731
8 70 8395
8 71 2141
8 74 1368
8 75 1837
8 76 4123
8 78 2796
8 81 1301
8 82 2163
8 83 6633
8 84 7985
8 85 187
8 86 8879
8 87 3675
8 93 4586
8 94 1662
8 95 8602
8 97 3387
8 99 3922
8 101 7639
8 103 5663
8 104 7238
8 106 1458
9 10 324
9 14 175
9 16 2113
9 18 1967
9 19 1270
9 20 6942
9 24 8718
9 25 7431
9 26 3799
9 28 7682
9 32 3672
9 36 9518
9 37 3160
9 40 9846
9 41 523
9 42 1619
9 44 9773
9 45 9978
9 49 40
9 51 4260
9 53 4505
9 54 3258
9 55 4503
9 56 8641
9 60 7287
9 61 8091
9 62 2287
9 63 422
9 64 8543
9 65 5902
9 67 1733
9 68 5548
9 69 9953
9 71 5408
9 74 3389
9 81 6459
9 83 3657
9 84 5551
9 85 4964
9 89 594
9 94 4071
9 95 1290
9 96 1507
9 99 9363
9 105 406
9 106 7032
9 108 9137
10 11 5640
10 13 8454
10 14 8294
10 15 9824
10 16 6427
10 17 1432
10 18 2432
10 19 9505
10 20 6867
10 21 4355
10 22 1647
10 23 6585
10 24 8742
10 29 1985
10 30 8928
10 31 2044
10 33 6259
10 36 5593
10 37 7055
10 40 5823
10 41 6643
10 42 7554
10 44 2236
10 46 4741
10 47 7662
10 49 9952
10 50 4339
10 52 3696
10 54 7753
10 55 7813
10 57 8803
10 62 7548
10 66 182
10 67 1144
10 68 593
10 70 9774
10 71 9928
10 73 594
10 77 4892
10 82 3239
10 90 1421
10 92 850
10 94 7016
10 96 2342
10 99 4130
10 100 5557
10 101 7335
10 102 8497
10 107 8057
11 17 7656
11 18 5545
11 19 2245
11 21 2249
11 22 2839
11 24 1056
11 25 4613
11 27 2981
11 31 5851
11 36 2139
11 38 8304
11 40 7633
11 42 8963
11 45 6172
11 47 427
11 51 3754
11 52 8813
11 54 8150
11 55 4230
11 58 3170
11 60 1715
11 63 9239
11 65 2879
11 67 4052
11 68 2329
11 69 5676
11 73 7802
11 74 2086
11 75 8276
11 76 1257
11 77 3231
11 81 9427
11 83 7832
11 85 8378
11 86 1585
11 87 8612
11 88 9457
11 90 9119
11 94 1634
11 96 6768
11 98 5298
11 104 618
11 105 9800
11 106 2229
11 108 4081
12 13 937
12 19 7936
12 20 6454
12 21 8254
12 22 3051
12 27 4681
12 28 2251
12 29 5081
12 30 5715
12 33 7764
12 35 3633
12 40 4565
12 43 6711
12 44 4442
12 45 1691
12 49 6238
12 50 9458
12 51 5512
12 52 5312
12 53 5215
12 58 9834
12 60 9980
12 61 8439
12 63 9947
12 70 6587
12 71 2431
12 72 5466
12 75 5034
12 77 4740
12 78 7382
12 84 9045
12 85 3054
12 88 1742
12 89 8892
12 90 462
12 91 6356
12 93 1410
12 95 8734
12 103 6579
13 14 1181
13 16 2936
13 18 1012
13 19 6444
13 20 2564
13 23 7194
13 26 9970
13 27 1071
13 32 298
13 33 4846
13 34 7072
13 35 1987
13 36 5293
13 41 3810
13 47 9765
13 48 3448
13 49 1765
13 50 3357
13 54 4245
13 57 9609
13 58 3403
13 59 3072
13 61 1915
13 62 8962
13 64 293
13 65 3932
13 67 7754
13 68 3635
13 69 4031
13 71 3052
13 74 2620
13 77 9861
13 79 2537
13 81 5130
13 84 1808
13 90 7420
13 91 3302
13 94 8665
13 95 4678
13 96 8665
13 103 1130
13 105 2135
13 106 4665
13 107 4518
13 108 3819
14 15 5680
14 16 5246
14 18 9654
14 19 45
14 22 3697
14 23 2089
14 26 9151
14 29 1309
14 31 2261
14 34 7918
14 36 6153
14 40 9173
14 41 8601
14 44 2120
14 45 4926
14 46 1229
14 47 8403
14 48 1257
14 49 562
14 53 3091
14 56 8157
14 58 664
14 59 1567
14 63 1446
14 64 2948
14 65 1019
14 67 1858
14 68 2210
14 70 8035
14 73 5391
14 74 860
14 75 1752
14 76 1765
14 78 6532
14 79 3422
14 80 6062
14 81 4727
14 83 554
14 85 7107
14 87 9416
14 88 2524
14 89 1393
14 93 3613
14 94 8581
14 97 970
14 98 4713
14 100 5388
14 101 6663
14 102 3482
14 103 8238
14 105 3388
14 106 6919
14 107 5162
15 16 3840
15 18 9593
15 19 7802
15 20 2268
15 22 2197
15 23 4684
15 24 6711
15 25 5596
15 26 6740
15 33 2296
15 34 8316
15 36 5078
15 37 6309
15 38 4787
15 39 2193
15 40 4676
15 41 1464
15 42 7348
15 45 4036
15 48 5660
15 50 9542
15 53 5578
15 55 2139
15 56 7053
15 57 2460
15 59 3599
15 61 2387
15 64 737
15 65 9485
15 68 9876
15 70 6143
15 73 6735
15 75 6494
15 76 7196
15 77 4904
15 79 3699
15 80 6716
15 82 6467
15 83 376
15 85 8278
15 86 6745
15 88 1814
15 89 5621
15 90 5164
15 92 2569
15 93 3726
15 94 7619
15 95 48
15 96 4461
15 98 9167
15 100 7020
15 106 9642
16 18 4166
16 22 4257
16 24 3288
16 26 4541
16 27 3431
16 28 3314
16 29 8191
16 30 9881
16 32 4468
16 34 4691
16 37 8331
16 39 7817
16 42 6802
16 45 560
16 46 4791
16 48 7567
16 53 1163
16 55 4154
16 56 8779
16 61 1396
16 62 4380
16 63 7778
16 68 1708
16 69 8658
16 70 1589
16 71 4903
16 72 5969
16 73 6000
16 74 8837
16 75 6995
16 77 3012
16 79 6922
16 82 3454
16 84 4187
16 86 7914
16 90 8090
16 91 5979
16 93 2325
16 95 1601
16 96 4378
16 97 4136
16 99 2059
16 100 8650
16 103 7657
17 22 7702
17 24 437
17 28 5628
17 29 6374
17 30 5046
17 34 6883
17 35 8286
17 36 371
17 37 6292
17 39 498
17 40 790
17 43 385
17 44 6210
17 45 8222
17 46 4209
17 47 7273
17 48 6730
17 49 9745
17 50 1961
17 52 2176
17 53 8747
17 54 8542
17 55 1592
17 56 1123
17 57 7883
17 58 9160
17 61 6855
17 63 6186
17 65 7867
17 67 8625
17 70 8197
17 71 8762
17 72 2006
17 75 8489
17 76 6741
17 77 445
17 78 6513
17 81 1091
17 82 3707
17 83 4747
17 84 2645
17 86 6014
17 87 8575
17 88 4640
17 90 9714
17 93 538
17 94 5326
17 97 3593
17 98 9725
17 100 4363
17 101 9757
17 104 8014
17 105 5038
17 107 6534
18 19 9408
18 22 2588
18 23 7131
18 25 6358
18 26 194
18 28 9598
18 29 7847
18 31 663
18 33 7561
18 38 4441
18 42 358
18 43 7461
18 44 2318
18 46 1978
18 47 789
18 48 1096
18 49 7800
18 51 2761
18 52 6158
18 53 3226
18 55 3449
18 56 7401
18 59 8232
18 62 8763
18 63 9249
18 64 4259
18 65 1968
18 66 6790
18 67 8482
18 69 2908
18 70 6838
18 74 4193
18 75 1607
18 79 2031
18 81 318
18 82 801
18 83 510
18 84 8500
18 85 922
18 87 4460
18 88 3213
18 91 2166
18 92 5481
18 93 4702
18 94 4321
18 96 3554
18 97 1665
18 98 5227
18 99 2932
18 100 7137
18 101 1627
18 104 3809
18 108 6295
19 21 7937
19 23 7883
19 25 3236
19 28 6444
19 29 8620
19 32 962
19 36 5240
19 37 6709
19 40 2712
19 41 1908
19 42 2612
19 44 6138
19 46 403
19 47 1105
19 49 7932
19 51 3266
19 52 1287
19 53 1649
19 54 939
19 58 4745
19 61 4168
19 63 7490
19 65 1224
19 70 7723
19 72 2805
19 73 3624
19 74 3309
19 76 6388
19 80 9496
19 82 4304
19 85 9317
19 87 6356
19 91 3434
19 93 3075
19 94 8771
19 95 6574
19 96 4132
19 97 6081
19 98 448
19 99 2426
19 103 482
19 106 2050
19 107 1755
20 24 191
20 30 3353
20 32 1115
20 39 7457
20 42 6663
20 44 9367
20 47 441
20 49 6653
20 50 5002
20 52 5269
20 54 2767
20 56 3939
20 58 393
20 64 5509
20 66 4479
20 68 1590
20 70 8618
20 72 9001
20 76 7155
20 77 789
20 78 2604
20 79 2534
20 80 703
20 82 2881
20 85 2727
20 86 2631
20 88 1565
20 94 342
20 95 1796
20 96 3605
20 102 1411
20 103 4076
20 104 8500
20 105 445
20 106 4515
20 108 220
21 22 5227
21 23 7750
21 25 1028
21 27 6805
21 32 7707
21 36 5635
21 37 2624
21 40 2033
21 42 2603
21 43 9725
21 44 5885
21 45 1832
21 47 8025
21 49 1719
21 56 1371
21 57 2919
21 58 749
21 61 3453
21 63 7946
21 64 2876
21 65 7288
21 67 9144
21 68 1874
21 71 3893
21 73 4893
21 75 2698
21 79 7140
21 80 2683
21 82 4999
21 84 976
21 86 1012
21 87 5324
21 88 5772
21 89 1893
21 90 4082
21 91 7559
21 94 5511
21 96 6036
21 100 1772
21 101 8632
21 102 7902
21 103 6040
21 105 7579
21 108 7645
22 23 8937
22 24 6125
22 26 3506
22 27 847
22 31 7276
22 33 204
22 38 3569
22 40 3009
22 41 5877
22 43 2338
22 45 6425
22 47 916
22 50 8102
22 51 954
22 55 9616
22 56 9209
22 58 6325
22 61 3038
22 63 8415
22 64 2746
22 68 915
22 71 4115
22 72 3386
22 73 2863
22 74 1001
22 76 8961
22 78 5301
22 79 5534
22 83 846
22 84 8805
22 87 6354
22 88 4562
22 89 946
22 92 9966
22 93 6406
22 94 8305
22 95 774
22 96 4331
22 99 8883
22 100 1521
22 103 5115
22 104 1759
22 106 6643
22 107 406
23 24 2479
23 25 9408
23 26 434
23 27 2048
23 29 1712
23 33 8814
23 37 6206
23 39 8544
23 40 5525
23 41 7644
23 42 3750
23 43 5422
23 47 4714
23 52 1904
23 55 6544
23 59 1741
23 61 2003
23 62 7905
23 63 9728
23 66 609
23 67 7383
23 68 682
23 70 738
23 71 4159
23 72 8668
23 73 3804
23 75 6847
23 76 6474
23 81 6596
23 83 1011
23 84 6541
23 85 2318
23 86 5706
23 87 8042
23 88 5076
23 89 4594
23 90 9846
23 91 2554
23 93 838
23 95 4477
23 98 1138
23 103 1197
23 106 3050
23 107 2747
24 26 6186
24 31 2122
24 33 8137
24 36 7953
24 39 6978
24 40 2439
24 43 2899
24 46 1608
24 48 7678
24 50 2597
24 52 6598
24 53 5165
24 54 7013
24 55 7983
24 56 8977
24 57 9330
24 58 8048
24 59 5003
24 60 5254
24 61 1304
24 63 1913
24 64 4425
24 68 6711
24 70 2146
24 71 6772
24 72 4541
24 75 2025
24 76 8401
24 77 7776
24 79 3256
24 82 8387
24 83 607
24 86 8774
24 88 1701
24 89 3823
24 90 1033
24 92 8924
24 93 6754
24 96 754
24 97 5861
24 98 6348
24 99 5543
24 100 1118
24 101 7340
25 26 6236
25 27 9170
25 31 3925
25 32 2334
25 34 6799
25 40 9827
25 41 7665
25 42 6870
25 46 6868
25 47 9475
25 48 1958
25 50 1850
25 53 1105
25 57 8853
25 58 3565
25 59 6200
25 60 9136
25 63 4680
25 65 4761
25 67 664
25 68 1807
25 70 2152
25 71 4449
25 72 1385
25 73 6612
25 74 5716
25 76 1548
25 77 6059
25 78 6570
25 79 1287
25 80 2556
25 82 7909
25 84 2507
25 85 1889
25 88 6379
25 89 281
25 91 2368
25 92 3984
25 94 9647
25 95 4126
25 97 7916
25 103 1601
25 104 1072
25 107 6591
26 27 4685
26 30 9624
26 32 3091
26 33 5122
26 34 4362
26 36 843
26 37 6072
26 38 8282
26 42 8310
26 43 2632
26 44 4260
26 45 7008
26 47 74
26 54 7250
26 56 636
26 57 3008
26 60 529
26 61 6456
26 64 9994
26 68 4712
26 69 7411
26 70 1401
26 72 7142
26 74 6140
26 75 7329
26 77 8886
26 79 8721
26 81 4839
26 82 6791
26 83 7481
26 85 9441
26 86 3843
26 87 2873
26 88 7705
26 90 7201
26 92 127
26 95 6109
26 97 9882
26 99 283
26 103 1045
26 104 4896
26 105 991
26 106 647
26 108 7375
27 30 1209
27 31 2255
27 33 5997
27 34 6659
27 36 3113
27 37 8742
27 38 567
27 39 548
27 40 9375
27 45 2442
27 46 5514
27 54 1597
27 59 5012
27 60 1057
27 61 8246
27 63 7439
27 66 3040
27 67 8986
27 69 6824
27 70 7411
27 71 9243
27 73 9352
27 74 5713
27 75 7193
27 78 4324
27 80 445
27 81 405
27 83 8059
27 86 514
27 90 1837
27 91 6361
27 93 5665
27 94 7568
27 95 3333
27 96 9518
27 97 499
27 99 6236
27 104 6507
27 105 4666
27 108 8215
28 29 5012
28 30 5842
28 32 3474
28 33 1530
28 34 2075
28 35 1121
28 36 5306
28 37 7821
28 38 8396
28 41 4678
28 43 6596
28 45 3852
28 46 2123
28 49 7905
28 50 2410
28 55 5780
28 56 8722
28 58 5180
28 59 1980
28 62 3459
28 64 6305
28 65 1685
28 66 2009
28 68 8205
28 71 4008
28 73 8760
28 75 7432
28 77 5171
28 81 132
28 82 8297
28 84 9281
28 86 4409
28 88 2470
28 89 7670
28 90 28
28 92 1781
28 95 5517
28 97 5276
28 99 4845
28 101 6175
28 104 1584
28 106 9152
28 107 5565
28 108 761
29 31 2172
29 33 6074
29 34 810
29 36 8428
29 37 8008
29 38 7556
29 41 8157
29 43 244
29 45 7693
29 47 3073
29 48 7912
29 49 8977
29 50 6765
29 51 9802
29 55 5789
29 56 1403
29 57 6526
29 59 3943
29 60 985
29 61 7474
29 62 1781
29 63 108
29 65 6883
29 66 7866
29 67 593
29 68 8353
29 70 9714
29 72 1895
29 74 4928
29 76 2214
29 77 3116
29 79 1373
29 81 6016
29 82 6054
29 86 336
29 88 4720
29 90 959
29 92 3172
29 94 1373
29 96 1173
29 98 3506
29 99 7519
29 103 5576
29 106 3809
29 107 8032
30 33 27
30 34 1573
30 36 8631
30 38 7951
30 39 4009
30 42 2827
30 45 7202
30 46 3612
30 47 583
30 49 3635
30 50 4803
30 52 9384
30 55 3043
30 57 1801
30 61 3795
30 64 2975
30 68 7964
30 69 6469
30 70 1256
30 71 5213
30 72 9390
30 75 2197
30 77 9519
30 80 8484
30 82 9807
30 85 7259
30 89 700
30 90 1427
30 92 6957
30 95 3676
30 99 4152
30 100 8518
30 101 4106
30 102 8982
31 32 5945
31 33 6194
31 34 3322
31 36 585
31 37 9031
31 39 3639
31 40 9722
31 45 1971
31 46 7059
31 48 3173
31 51 7796
31 52 9633
31 53 722
31 55 493
31 56 9085
31 57 9221
31 58 2336
31 60 4777
31 61 7566
31 63 8008
31 64 6572
31 66 1306
31 68 8881
31 70 5372
31 71 1561
31 76 7978
31 86 9780
31 88 2103
31 90 5037
31 91 4142
31 92 9092
31 93 3903
31 95 383
31 97 6932
31 98 1287
31 101 3592
31 102 3976
31 103 187
31 106 9577
31 107 3718
32 37 8435
32 39 2551
32 41 5550
32 42 4151
32 43 2741
32 44 8070
32 46 400
32 47 7214
32 48 2396
32 50 2246
32 53 2141
32 55 7799
32 56 4709
32 58 7827
32 59 7670
32 60 6868
32 61 5947
32 62 7737
32 64 2220
32 65 7877
32 66 482
32 68 8824
32 71 2728
32 75 7133
32 76 8521
32 78 4141
32 81 3414
32 83 1840
32 84 5336
32 85 5391
32 86 7063
32 88 8968
32 89 9947
32 93 1189
32 100 6259
32 102 4830
32 104 9718
32 106 4263
32 108 6325
33 34 1174
33 35 1103
33 37 9563
33 38 5496
33 40 7621
33 43 6456
33 44 3225
33 45 3082
33 46 5040
33 48 763
33 49 1350
33 51 3222
33 55 4727
33 56 4037
33 57 4758
33 58 7168
33 60 1814
33 62 4070
33 63 8660
33 64 6411
33 67 4240
33 71 1517
33 72 334
33 73 9145
33 76 614
33 78 4824
33 81 4604
33 86 599
33 87 2193
33 89 8703
33 90 6356
33 92 4440
33 93 6865
33 94 6905
33 97 5658
33 99 2998
33 100 7501
33 102 6679
33 104 8874
33 106 5192
34 37 5883
34 38 7891
34 42 1364
34 43 9654
34 44 9475
34 47 606
34 52 6738
34 58 7827
34 60 3846
34 63 41
34 66 5327
34 68 3790
34 70 8684
34 73 1263
34 76 6920
34 77 8760
34 80 2527
34 81 8721
34 82 8191
34 83 8642
34 84 8931
34 86 7789
34 92 4371
34 97 2200
34 99 8056
34 103 6238
34 104 5088
34 105 8470
34 106 8051
34 108 7737
35 36 2850
35 37 8259
35 38 3738
35 46 3300
35 47 8964
35 48 8738
35 50 6427
35 51 9666
35 52 2797
35 58 1708
35 62 6642
35 64 7070
35 69 4101
35 72 9031
35 73 2370
35 74 7266
35 78 6635
35 81 8982
35 82 8713
35 83 4084
35 84 3786
35 85 8335
35 86 4912
35 87 7730
35 93 4678
35 95 4110
35 96 1137
35 97 5359
35 99 239
35 100 2775
35 101 6423
35 103 1661
35 106 1828
35 107 6949
35 108 2476
36 38 679
36 39 7065
36 42 3264
36 46 5308
36 50 9873
36 51 2033
36 52 520
36 53 8147
36 54 898
36 55 3355
36 60 7061
36 61 1981
36 63 3192
36 65 4859
36 66 4140
36 70 982
36 73 855
36 75 9474
36 77 7100
36 79 1905
36 82 2105
36 83 2501
36 85 891
36 88 8457
36 89 6308
36 90 1929
36 92 9333
36 93 3312
36 94 2098
36 95 2668
36 96 3912
36 98 6173
36 99 6764
36 100 9113
36 101 3157
36 105 6669
36 107 3202
36 108 5129
37 39 4478
37 44 8892
37 49 2255
37 50 3957
37 51 5312
37 52 9092
37 54 2504
37 55 8431
37 56 8512
37 57 2406
37 60 7967
37 61 8864
37 62 2154
37 63 2901
37 66 1987
37 67 6242
37 68 9929
37 73 3488
37 76 1491
37 77 8467
37 80 760
37 81 7104
37 82 9006
37 83 2515
37 84 8509
37 86 4552
37 87 4766
37 88 6061
37 89 9551
37 91 1730
37 92 398
37 97 3497
37 98 4308
37 100 5795
37 102 6335
37 104 2081
37 105 6685
37 106 5525
37 107 6008
37 108 3620
38 42 2405
38 43 9659
38 46 7702
38 48 6862
38 49 2782
38 53 9789
38 55 819
38 57 6044
38 58 5006
38 60 9415
38 64 8483
38 67 7693
38 68 899
38 70 5236
38 74 4331
38 75 5154
38 76 9739
38 77 5741
38 78 9441
38 79 5510
38 83 4600
38 84 885
38 86 7622
38 87 1148
38 92 8142
38 93 6794
38 96 2768
38 97 2518
38 98 2716
38 99 6909
38 100 2286
38 101 4546
38 102 2404
38 105 5987
39 43 5221
39 45 7183
39 48 3036
39 54 4606
39 57 7417
39 58 2984
39 62 4584
39 63 7731
39 64 5371
39 65 5868
39 66 9355
39 68 5869
39 69 47
39 72 2502
39 73 2293
39 74 6292
39 77 7691
39 80 4977
39 81 6282
39 83 4142
39 84 5128
39 85 2559
39 87 4452
39 89 3458
39 92 2008
39 93 6853
39 95 3763
39 97 6258
39 100 4137
39 104 712
39 105 6435
39 106 5714
39 107 8529
39 108 3098
40 42 9960
40 44 919
40 48 4106
40 49 7439
40 51 406
40 54 6262
40 56 4328
40 58 8737
40 60 646
40 66 380
40 69 9476
40 71 5545
40 75 6907
40 77 5008
40 78 4470
40 79 5335
40 81 3601
40 85 2899
40 88 4350
40 90 745
40 95 4872
40 97 7388
40 98 5280
40 100 1682
40 103 1208
40 104 9653
40 105 5305
40 106 6899
40 107 4744
41 42 1417
41 43 3979
41 44 2030
41 45 4953
41 49 670
41 50 1405
41 52 9927
41 54 9095
41 56 3859
41 58 4275
41 59 9006
41 60 4364
41 61 7171
41 62 3337
41 63 4455
41 64 8513
41 66 843
41 67 7107
41 68 3280
41 70 7433
41 71 3883
41 75 7981
41 76 4199
41 78 748
41 79 1548
41 80 9579
41 81 2314
41 87 6172
41 89 4373
41 90 7187
41 94 1706
41 102 8058
41 103 9921
41 106 9582
42 43 2436
42 47 1686
42 52 9492
42 56 2773
42 62 5878
42 64 4333
42 67 1801
42 71 557
42 72 6831
42 76 8883
42 78 1065
42 80 3438
42 81 4185
42 83 477
42 85 4940
42 88 3544
42 91 4229
42 93 3412
42 96 1671
42 97 5659
42 102 3578
42 104 978
42 106 3068
42 107 4741
42 108 4809
43 44 6613
43 46 4903
43 50 9033
43 51 6914
43 54 3953
43 56 478
43 57 8608
43 61 7885
43 64 5967
43 68 5518
43 70 8223
43 71 9429
43 72 1886
43 74 3455
43 76 3657
43 77 8282
43 79 4977
43 81 9216
43 83 4229
43 85 6544
43 86 4048
43 87 1241
43 90 7401
43 91 3973
43 92 6995
43 93 6661
43 96 5590
43 97 584
43 99 9806
43 107 9271
44 45 1167
44 50 7130
44 52 6823
44 53 1738
44 54 6056
44 55 8275
44 60 782
44 61 8338
44 62 5964
44 65 8251
44 66 825
44 68 720
44 73 4317
44 74 1025
44 75 6718
44 76 4376
44 81 6770
44 82 697
44 83 8771
44 84 747
44 93 1765
44 94 9214
44 95 6933
44 97 7242
44 98 1436
44 100 5296
44 101 7103
44 102 1608
44 103 7184
44 108 1878
45 46 386
45 48 66
45 49 4926
45 51 5059
45 52 3304
45 53 2908
45 54 5953
45 58 5009
45 59 7651
45 62 1833
45 63 3159
45 66 789
45 68 1697
45 70 8675
45 71 7894
45 72 155
45 73 3957
45 77 638
45 78 8014
45 79 9014
45 82 9120
45 84 4716
45 85 2332
45 87 2117
45 88 9452
45 89 5719
45 91 7565
45 92 2544
45 93 8343
45 95 6480
45 96 6635
45 98 4809
45 99 1052
45 101 8573
45 103 7014
45 104 1310
45 106 9537
45 107 9953
46 47 191
46 48 4261
46 49 8404
46 53 9349
46 55 771
46 58 5214
46 60 700
46 61 614
46 62 4048
46 65 1926
46 67 8037
46 70 1970
46 72 1497
46 73 1291
46 75 4916
46 76 5385
46 77 2945
46 82 2988
46 84 6079
46 86 4361
46 89 3094
46 91 591
46 97 2354
46 99 9199
46 101 5603
46 103 327
46 104 2695
46 108 1144
47 50 6974
47 52 6020
47 53 4792
47 60 8313
47 61 9740
47 62 5204
47 63 6442
47 65 5579
47 66 7482
47 67 6328
47 68 1615
47 71 6976
47 74 4224
47 77 9507
47 79 1052
47 80 4480
47 82 2196
47 83 1935
47 84 1711
47 86 4767
47 88 5686
47 89 9283
47 91 2938
47 97 3849
47 98 6227
47 101 4661
47 105 9056
47 106 6749
47 108 7254
48 50 8356
48 51 1764
48 57 4346
48 60 6391
48 62 4788
48 66 4560
48 67 4453
48 68 7464
48 70 298
48 73 4409
48 74 1198
48 75 5735
48 77 8054
48 78 8083
48 79 4932
48 84 646
48 85 6256
48 87 8413
48 88 6700
48 89 4505
48 91 7093
48 94 8832
48 96 7932
48 99 9885
48 102 4345
48 103 3718
48 104 1030
49 50 28
49 51 2172
49 53 53
49 54 3944
49 57 4270
49 59 3582
49 60 2283
49 63 2749
49 64 4339
49 70 1727
49 71 1287
49 74 7248
49 81 1129
49 84 6896
49 85 3325
49 86 2908
49 87 5194
49 91 4262
49 94 8290
49 96 883
49 98 5077
49 99 4427
49 100 9101
50 53 29
50 56 9694
50 57 9614
50 58 7516
50 59 834
50 61 4945
50 68 1600
50 70 5836
50 71 6915
50 75 4116
50 76 3107
50 80 7035
50 81 2793
50 85 450
50 88 1835
50 89 6017
50 91 8627
50 97 3456
50 98 9519
50 99 6542
50 101 8959
50 103 2223
50 104 2971
50 106 2845
50 107 8815
51 58 592
51 61 7899
51 62 88
51 63 5168
51 67 6992
51 69 8655
51 71 3691
51 72 2257
51 73 7787
51 74 4550
51 80 1411
51 82 5235
51 83 2744
51 84 460
51 85 5107
51 87 5388
51 88 423
51 91 2901
51 96 3267
51 97 7327
51 100 677
51 101 6518
51 104 5350
51 106 9999
51 107 8668
52 53 5141
52 54 6004
52 55 861
52 56 6409
52 60 7577
52 64 4825
52 65 6997
52 67 9800
52 68 4931
52 74 3757
52 75 669
52 77 6144
52 79 3035
52 80 4561
52 81 3631
52 83 2280
52 85 4463
52 86 2978
52 87 1454
52 92 4310
52 93 4418
52 96 4168
52 98 3018
52 99 8324
52 100 9659
52 102 5583
52 105 7929
53 56 1475
53 58 4258
53 60 3552
53 62 5073
53 63 4305
53 64 5245
53 65 2688
53 68 856
53 71 7478
53 72 4127
53 73 7940
53 78 5479
53 91 5537
53 96 622
53 97 4349
53 98 3745
53 99 9379
53 103 5898
53 104 4927
53 105 4584
54 55 3450
54 56 8104
54 58 6607
54 60 4428
54 61 1466
54 65 5478
54 67 6571
54 68 5492
54 71 1801
54 72 8503
54 74 9686
54 76 7699
54 77 1233
54 78 6542
54 80 8741
54 82 1251
54 84 3933
54 88 4913
54 92 8398
54 93 457
54 96 6349
54 102 8887
54 104 1329
54 106 4207
54 108 8278
55 57 7924
55 58 2699
55 60 7594
55 62 3779
55 65 1233
55 66 7357
55 68 2087
55 69 8065
55 72 7952
55 75 2255
55 76 5840
55 78 3029
55 79 2367
55 81 6591
55 82 2718
55 86 8214
55 90 4697
55 92 2386
55 93 3049
55 94 8846
55 96 3497
55 97 910
55 99 615
55 101 1938
55 102 6110
55 103 4905
55 106 2230
56 59 8491
56 61 1511
56 62 2393
56 65 3580
56 66 3906
56 67 2759
56 70 3294
56 72 5176
56 74 7712
56 76 9348
56 81 8263
56 85 2948
56 86 4183
56 87 7586
56 88 7668
56 93 5607
56 96 9801
56 99 8486
56 100 1171
56 102 4079
56 104 447
56 106 5577
57 58 3349
57 59 7696
57 60 6173
57 61 3261
57 62 8979
57 64 2403
57 69 694
57 70 4365
57 71 4011
57 72 7603
57 73 3851
57 74 9480
57 78 38
57 79 8716
57 81 8034
57 82 9603
57 84 8989
57 89 8052
57 90 1143
57 91 9535
57 93 9014
57 94 1701
57 95 7575
57 97 3081
57 98 2373
57 100 5934
57 101 8706
57 103 4861
57 107 7141
57 108 9716
58 62 9155
58 65 7341
58 70 206
58 72 8132
58 73 9071
58 74 8484
58 75 6191
58 78 1583
58 79 1136
58 80 4811
58 82 450
58 85 7469
58 86 3977
58 87 3329
58 89 4436
58 91 175
58 92 3466
58 93 8831
58 97 5016
58 100 6014
58 101 7737
58 102 2914
58 103 878
58 104 9943
58 105 7980
58 108 3544
59 65 5178
59 66 890
59 67 1505
59 70 5150
59 71 6183
59 75 2850
59 84 3138
59 88 6972
59 90 81
59 93 6190
59 95 673
59 97 8239
59 99 3781
59 101 4486
59 102 5943
59 104 1122
59 105 8801
59 107 494
59 108 6451
60 62 6648
60 63 6197
60 65 2145
60 69 9804
60 71 1419
60 73 9401
60 75 157
60 79 302
60 80 4324
60 81 8310
60 84 3312
60 86 7193
60 87 5004
60 93 7878
60 94 9776
60 95 8899
60 96 6414
60 98 6377
60 100 8423
61 63 6546
61 64 4949
61 65 6517
61 66 942
61 71 7523
61 72 2964
61 74 9958
61 76 146
61 78 7454
61 80 955
61 82 2602
61 83 363
61 84 3726
61 86 8625
61 87 3336
61 88 7056
61 89 3977
61 90 2320
61 94 7938
61 95 7247
61 102 5085
61 103 5505
61 104 9059
61 105 9346
61 106 2136
61 107 7199
62 66 613
62 68 1927
62 70 9783
62 72 3021
62 73 8328
62 75 9972
62 76 8365
62 78 9000
62 79 2358
62 80 1717
62 81 3463
62 82 2890
62 84 4378
62 86 6441
62 88 7833
62 93 6466
62 96 6859
62 97 4661
62 101 5002
62 103 3786
62 104 6453
62 106 5049
62 108 6988
63 64 8780
63 66 7925
63 67 8921
63 68 8151
63 70 7073
63 72 8720
63 74 3819
63 78 3999
63 79 3615
63 80 5438
63 82 2427
63 84 9830
63 87 9543
63 89 6645
63 90 1535
63 91 9994
63 93 8822
63 100 5582
63 102 7998
63 103 9927
63 105 2840
63 106 3552
63 107 7711
64 66 2288
64 68 9517
64 69 1786
64 72 9855
64 76 9815
64 77 6702
64 79 1575
64 80 8583
64 82 3208
64 83 1546
64 85 2080
64 89 1328
64 93 8765
64 94 3479
64 95 8976
64 96 3486
64 98 524
64 99 5843
64 101 2953
64 106 693
64 107 3496
64 108 89
65 68 6004
65 72 6279
65 76 3248
65 77 7710
65 84 3252
65 85 4172
65 86 2751
65 88 808
65 90 2773
65 91 861
65 92 9547
65 96 8037
65 97 381
65 98 3473
65 99 2882
65 100 8862
65 102 2482
65 103 1461
65 104 1400
65 107 7752
66 68 7979
66 69 6272
66 70 1505
66 71 9190
66 73 833
66 78 7519
66 79 9926
66 82 9909
66 86 8397
66 89 8657
66 91 8813
66 92 8475
66 93 1250
66 96 9184
66 98 5678
66 104 8708
66 108 8514
67 68 6368
67 70 1270
67 71 6609
67 72 2433
67 73 4239
67 74 8962
67 76 5269
67 77 6869
67 79 4466
67 80 3161
67 81 9429
67 83 3962
67 85 4227
67 86 6807
67 87 1151
67 92 9117
67 95 2262
67 96 8220
67 98 1771
67 102 1755
67 104 750
67 106 9044
67 107 143
67 108 1264
68 72 1598
68 75 2701
68 76 1895
68 78 5358
68 79 5812
68 80 2066
68 81 3988
68 85 6291
68 87 5009
68 88 254
68 89 9350
68 91 9215
68 92 9286
68 95 1643
68 96 5235
68 98 7931
68 101 4635
68 102 6950
68 107 4545
68 108 3994
69 73 4249
69 74 3698
69 75 4635
69 79 9986
69 82 8218
69 85 2300
69 87 4365
69 88 7086
69 89 9440
69 90 125
69 93 5847
69 96 5824
69 98 8656
69 100 4539
69 103 6891
69 106 9830
69 108 1354
70 71 6023
70 72 2812
70 78 4290
70 80 9067
70 82 4468
70 83 4271
70 86 4742
70 93 6246
70 95 7740
70 101 5760
70 103 6071
70 105 9408
71 76 4381
71 77 3169
71 82 5947
71 83 5344
71 86 1077
71 87 5772
71 88 5168
71 90 5130
71 92 2207
71 94 9989
71 99 401
71 100 7526
71 101 748
71 102 4891
71 105 3201
71 106 4010
71 107 4802
72 74 3740
72 79 4783
72 80 7334
72 82 9849
72 83 5127
72 87 5719
72 89 2099
72 94 8977
72 95 7564
72 97 9780
72 98 7881
72 99 7978
72 100 8276
72 101 4332
72 103 4806
72 107 1003
73 74 9237
73 77 3980
73 78 6882
73 82 4313
73 88 4500
73 89 1612
73 90 4867
73 91 5021
73 96 1431
73 99 7919
73 104 7356
73 105 5957
73 107 6156
73 108 725
74 75 3503
74 80 4516
74 81 8143
74 84 4687
74 87 412
74 88 4858
74 89 5410
74 90 7571
74 93 5637
74 98 7816
74 100 2037
74 101 6990
75 77 9793
75 78 2352
75 79 3045
75 80 4460
75 82 3810
75 85 9807
75 86 7657
75 88 1102
75 89 1134
75 95 8451
75 96 6384
75 97 9200
75 100 2509
75 102 2795
75 103 4178
75 105 1710
75 106 4161
75 107 2655
75 108 4113
76 77 3907
76 78 5872
76 79 6963
76 80 4070
76 81 1397
76 87 2381
76 90 7706
76 92 6029
76 94 1227
76 96 2922
76 97 7668
76 99 1325
76 101 6965
76 103 7640
76 107 6073
77 78 3038
77 80 9127
77 82 5823
77 84 3909
77 86 1870
77 87 8883
77 90 3142
77 91 7638
77 93 8153
77 95 4359
77 96 763
77 99 1482
77 100 7006
77 101 9774
77 102 8450
78 79 8423
78 83 3376
78 87 4980
78 88 5492
78 89 1349
78 92 254
78 94 2392
78 97 6054
78 98 2077
78 99 8941
78 100 6937
78 101 6852
78 102 9579
78 103 3014
78 104 6893
78 107 876
78 108 9703
79 80 3860
79 83 6813
79 84 1227
79 85 5380
79 88 4330
79 91 7418
79 92 3859
79 93 5866
79 94 7405
79 96 6923
79 100 8887
79 101 3855
79 102 8265
79 103 6902
79 104 9422
79 105 7429
79 107 4081
80 81 3366
80 84 8073
80 86 1162
80 88 642
80 89 7361
80 91 5199
80 93 6051
80 94 7026
80 97 7336
80 98 5857
80 99 2480
80 100 9824
80 101 3390
80 103 9229
80 106 8823
80 108 4990
81 83 8701
81 85 2077
81 86 6141
81 87 1064
81 91 2204
81 93 8886
81 96 3548
81 98 7177
81 99 2317
81 100 8572
81 101 3417
81 103 6607
81 105 4625
81 106 9450
81 107 4878
82 84 3823
82 85 7149
82 86 2222
82 88 7618
82 89 8517
82 94 5724
82 101 1291
82 102 1464
82 104 1403
82 107 3505
83 85 7533
83 86 2312
83 87 2640
83 89 9125
83 90 5224
83 91 2951
83 92 9849
83 93 1321
83 95 2653
83 96 328
83 98 7935
83 100 2760
83 101 8455
83 102 956
83 103 7902
83 104 9278
84 85 6556
84 87 1742
84 88 9567
84 89 1974
84 90 3479
84 92 8258
84 93 3443
84 97 4485
84 99 8090
84 100 1848
84 101 4060
84 103 9277
84 104 8929
85 87 8609
85 89 1083
85 98 774
85 102 6134
85 103 964
85 104 6788
85 106 1446
85 107 585
86 87 5115
86 88 9046
86 90 8951
86 91 4289
86 94 7040
86 95 7031
86 96 6079
86 98 9960
86 99 6272
86 101 8995
86 102 2302
86 105 6961
86 106 1414
86 107 6344
87 88 9723
87 89 8906
87 90 6354
87 95 816
87 96 9118
87 98 6242
87 100 6004
87 103 3005
87 104 3797
87 107 6711
87 108 873
88 89 4190
88 91 4203
88 92 3742
88 93 2676
88 94 636
88 95 3374
88 97 230
88 100 8321
88 103 9256
88 104 7705
88 106 5115
88 107 8557
88 108 3465
89 93 6930
89 94 4556
89 98 1629
89 103 8648
89 105 3294
90 91 6226
90 95 1780
90 96 4097
90 102 3673
90 105 6238
90 106 5155
91 94 5185
91 95 7261
91 96 3260
91 98 9785
91 106 9281
91 107 2633
91 108 9317
92 93 9158
92 94 4045
92 95 8391
92 96 9747
92 97 8580
92 98 5992
92 100 315
92 101 3453
92 103 6806
92 104 775
92 108 7711
93 94 1525
93 95 1043
93 98 4801
93 100 8901
93 104 1008
93 105 4143
93 106 2022
93 107 6322
93 108 2091
94 98 7942
94 100 6592
94 101 1576
94 102 3688
94 103 5356
94 104 4807
94 106 9110
94 108 4324
95 97 7482
95 98 5119
95 101 4410
95 103 4798
95 104 8501
95 107 6599
95 108 8169
96 102 3604
96 103 8345
96 104 9003
97 98 1495
97 101 5571
97 106 6153
98 100 4347
98 102 4665
98 105 5646
98 107 9496
98 108 8613
99 100 6356
99 106 4576
100 102 5398
100 103 2028
100 106 5896
100 107 782
100 108 7991
101 103 4358
101 104 9479
101 106 3026
101 108 9702
102 104 6775
102 107 9189
102 108 6614
103 106 5352
104 105 4719
104 106 78
104 107 9492
104 108 4618
105 106 8328
106 107 6915
106 108 3861
1
2 
5 
6
7 
-1