134 4413
0 1 8447
0 2 3084
0 3 5854
0 4 9852
0 6 8368
0 8 9793
0 10 5778
0 11 9258
0 12 6230
0 13 2554
0 14 2053
0 15 2342
0 16 4106
0 18 426
0 19 9335
0 20 5950
0 22 4514
0 23 3958
0 25 4368
0 28 7567
0 31 7411
0 33 8779
0 37 361
0 38 9478
0 45 3264
0 47 3648
0 48 1296
0 50 865
0 54 5233
0 55 8143
0 56 9782
0 57 8805
0 58 7394
0 60 4851
0 61 1160
0 62 6873
0 64 7418
0 65 8265
0 66 179
0 74 4275
0 75 3489
0 76 5244
0 78 2420
0 80 2390
0 81 5758
0 82 7465
0 83 9173
0 84 5185
0 85 4708
0 86 8612
0 87 3194
0 88 6948
0 89 4593
0 90 1329
0 91 2971
0 92 1986
0 93 2346
0 95 2316
0 97 367
0 99 6659
0 100 8323
0 102 1546
0 103 8617
0 107 6834
0 110 2799
0 111 7438
0 112 4158
0 114 7247
0 117 1134
0 121 1594
0 122 9257
0 127 8619
0 128 4214
0 129 3110
0 131 4228
1 4 2219
1 6 8072
1 10 7509
1 13 7977
1 15 2621
1 16 8309
1 18 2079
1 19 1196
1 20 1490
1 22 5936
1 23 3238
1 24 4679
1 27 7607
1 29 211
1 30 5404
1 31 72
1 37 509
1 40 2847
1 43 8312
1 44 3045
1 45 8307
1 47 9963
1 52 9517
1 54 7311
1 55 6135
1 57 2071
1 59 7436
1 60 3429
1 62 8269
1 65 897
1 67 7026
1 68 9243
1 71 4938
1 73 6464
1 75 270
1 76 9201
1 78 4146
1 80 9388
1 81 2928
1 82 100
1 85 2845
1 87 9237
1 88 504
1 90 2931
1 94 5481
1 96 8979
1 97 6076
1 100 2278
1 101 2195
1 103 4960
1 106 3195
1 108 523
1 112 7197
1 115 9538
1 116 8480
1 118 9497
1 119 8135
1 120 9000
1 121 5932
1 122 9037
1 124 5790
1 125 233
1 126 3543
1 131 755
1 133 4799
2 3 217
2 4 6807
2 5 6922
2 7 7316
2 8 1119
2 10 6280
2 12 538
2 14 6071
2 17 9097
2 18 9471
2 19 4113
2 20 3634
2 21 5155
2 22 2006
2 23 4859
2 25 5885
2 27 2589
2 30 4356
2 34 8166
2 35 7449
2 36 8525
2 37 5747
2 40 9963
2 41 8047
2 42 2122
2 43 6875
2 44 2994
2 45 8273
2 47 3420
2 49 2808
2 51 8432
2 52 6328
2 53 3283
2 56 4591
2 57 1997
2 60 8600
2 62 2727
2 63 8006
2 65 9883
2 69 9222
2 70 1107
2 73 9459
2 74 5199
2 75 4902
2 77 88
2 79 1669
2 80 1124
2 81 7709
2 82 553
2 85 7514
2 86 4767
2 87 4254
2 88 1903
2 90 6140
2 94 7140
2 95 9679
2 97 4138
2 98 2955
2 99 1441
2 100 651
2 103 3514
2 104 4563
2 106 9177
2 107 833
2 114 859
2 115 3486
2 117 5879
2 122 5305
2 124 7986
2 125 4736
2 128 4356
2 131 1066
2 132 8798
3 5 8209
3 7 924
3 8 6686
3 9 1250
3 11 2912
3 14 1709
3 15 6015
3 21 7538
3 22 2084
3 25 9275
3 27 1789
3 28 5019
3 29 8668
3 30 7950
3 31 7911
3 35 5835
3 38 6955
3 43 6165
3 44 283
3 45 2965
3 46 1288
3 47 8306
3 52 3115
3 55 6669
3 56 5782
3 57 3940
3 60 5083
3 62 3035
3 63 5438
3 64 5639
3 67 8209
3 68 9793
3 70 9580
3 74 1969
3 75 3127
3 78 592
3 79 8180
3 80 4943
3 81 8959
3 83 9631
3 84 5548
3 85 9703
3 88 1437
3 92 2433
3 94 1104
3 97 2028
3 99 1340
3 102 7534
3 103 7557
3 105 1914
3 106 4900
3 108 6879
3 110 2949
3 116 8496
3 117 816
3 121 9190
3 122 8102
3 123 9705
3 125 881
3 128 2287
3 129 6370
3 130 8306
3 131 9895
3 132 9204
4 11 9630
4 15 204
4 19 1337
4 20 1549
4 22 8878
4 24 8518
4 29 2509
4 30 1188
4 31 8658
4 33 7494
4 34 6382
4 35 1977
4 36 5151
4 37 655
4 39 6920
4 45 4451
4 47 6927
4 50 1716
4 53 4440
4 57 6496
4 58 4335
4 59 475
4 64 28
4 66 7799
4 68 1594
4 71 5842
4 73 6848
4 75 4468
4 78 1519
4 79 4931
4 80 6804
4 83 1630
4 84 3063
4 86 6083
4 87 3698
4 92 1549
4 93 9272
4 94 3213
4 96 1152
4 106 5799
4 107 9485
4 108 2128
4 111 2739
4 113 8414
4 115 6243
4 117 3274
4 118 8188
4 119 49
4 120 75
4 121 1699
4 124 4867
4 125 276
4 126 9024
4 128 5379
4 129 4779
4 130 5501
4 131 7020
4 132 900
4 133 5537
5 6 5616
5 7 3517
5 9 4842
5 10 9328
5 12 9828
5 13 5891
5 15 2504
5 19 2435
5 20 2986
5 21 7606
5 22 2033
5 25 1892
5 28 4957
5 29 5096
5 31 8254
5 32 9829
5 34 2413
5 35 1650
5 36 3714
5 38 9156
5 40 1035
5 45 7484
5 46 225
5 47 7206
5 48 9049
5 49 3161
5 51 9274
5 52 6786
5 53 6870
5 55 9901
5 57 3859
5 59 1894
5 60 7282
5 61 1527
5 62 8718
5 65 6623
5 68 4312
5 69 7158
5 72 5629
5 76 5320
5 79 4354
5 81 5084
5 82 7521
5 83 2917
5 84 5664
5 86 1668
5 87 7338
5 89 2511
5 92 2130
5 93 3556
5 94 6696
5 95 6552
5 97 6310
5 99 2953
5 104 9837
5 105 6198
5 106 9665
5 108 9349
5 109 8528
5 110 4718
5 111 4731
5 112 8196
5 114 5024
5 115 1799
5 117 2268
5 120 6860
5 121 3825
5 123 8976
5 129 7904
5 130 8221
5 133 8268
6 7 5762
6 14 4560
6 16 3174
6 18 4715
6 19 4066
6 20 1099
6 21 6878
6 25 3293
6 27 7524
6 31 5999
6 32 4321
6 34 82
6 38 3981
6 40 9301
6 43 8011
6 44 5684
6 46 5687
6 47 9606
6 50 8502
6 51 8867
6 52 2434
6 54 2475
6 55 5111
6 57 3087
6 58 7681
6 60 1080
6 61 4039
6 63 1656
6 65 4111
6 66 4138
6 68 7428
6 69 6859
6 70 320
6 71 2037
6 72 7375
6 74 5275
6 75 5725
6 76 31
6 80 5630
6 81 8402
6 82 5026
6 86 646
6 89 4435
6 92 3276
6 94 4180
6 96 6329
6 98 3705
6 101 8951
6 103 8461
6 104 6042
6 105 3013
6 106 3925
6 107 9873
6 110 3350
6 112 6622
6 113 3765
6 114 3317
6 115 1577
6 116 3880
6 117 5154
6 120 4426
6 121 3205
6 122 7131
6 125 3004
6 126 8802
6 127 8453
6 129 3704
6 132 5995
6 133 5820
7 8 3041
7 9 1871
7 10 3392
7 11 1894
7 12 5595
7 18 9188
7 19 5172
7 20 3470
7 22 860
7 24 5055
7 26 4121
7 28 8539
7 29 5781
7 31 321
7 34 6773
7 38 1415
7 40 6727
7 42 4360
7 43 7655
7 44 9867
7 48 5356
7 49 3963
7 50 9475
7 52 1394
7 56 1886
7 60 6888
7 61 6340
7 64 4891
7 65 6002
7 66 9966
7 68 9957
7 69 401
7 73 1929
7 75 1823
7 77 4567
7 78 2962
7 79 6256
7 80 9139
7 84 7224
7 85 3670
7 86 291
7 87 4657
7 88 9610
7 89 10
7 91 3053
7 92 3715
7 93 2308
7 95 475
7 98 6261
7 105 9943
7 107 694
7 108 9973
7 109 1993
7 113 5419
7 118 6588
7 119 5282
7 120 2572
7 123 6300
7 129 8386
7 130 4421
7 132 904
7 133 9747
8 10 3532
8 11 5238
8 12 7413
8 13 3306
8 14 3452
8 15 4071
8 16 1394
8 17 2031
8 18 6217
8 19 9671
8 20 3432
8 21 9616
8 26 4222
8 27 3311
8 28 935
8 30 8644
8 33 178
8 34 8806
8 37 2620
8 38 4759
8 39 4939
8 41 532
8 43 4214
8 44 3670
8 46 7606
8 47 3200
8 49 3522
8 51 3606
8 52 6791
8 54 2852
8 59 6287
8 63 7877
8 64 6748
8 65 3800
8 67 2299
8 68 5001
8 70 2783
8 74 9498
8 79 5944
8 87 1069
8 89 2758
8 91 5685
8 93 32
8 96 1688
8 97 6957
8 98 9233
8 99 4960
8 104 9836
8 111 8495
8 112 1340
8 113 7435
8 115 1346
8 116 4748
8 118 740
8 119 9666
8 121 7981
8 125 9093
8 130 9630
8 132 3456
9 10 6704
9 12 1737
9 15 7278
9 17 5095
9 21 2192
9 22 4893
9 24 9644
9 25 1088
9 28 8773
9 30 490
9 33 1941
9 35 23
9 37 6672
9 38 2085
9 39 4958
9 43 5186
9 44 363
9 45 5317
9 46 4761
9 47 9162
9 51 2078
9 53 6695
9 55 7076
9 56 1195
9 57 8667
9 58 3480
9 60 1878
9 64 6776
9 66 9356
9 68 4691
9 74 9455
9 75 8076
9 76 9200
9 78 4315
9 79 5732
9 85 8706
9 86 4563
9 87 8891
9 88 4252
9 93 7357
9 94 6340
9 95 4508
9 96 7587
9 99 5968
9 101 7216
9 106 1815
9 109 6464
9 110 6429
9 111 1464
9 115 2081
9 116 5532
9 117 1968
9 118 3168
9 119 2659
9 124 7353
9 126 7633
9 127 5398
9 129 603
10 13 5549
10 14 7403
10 15 5383
10 18 4696
10 20 7954
10 21 271
10 27 4612
10 28 142
10 31 2599
10 32 1884
10 33 2628
10 34 5848
10 36 7253
10 38 8556
10 46 7322
10 52 4285
10 54 2190
10 56 6317
10 57 1072
10 58 2118
10 61 7345
10 64 2712
10 65 9850
10 70 5820
10 71 2227
10 72 2684
10 73 701
10 74 21
10 79 363
10 85 1523
10 86 474
10 87 4958
10 88 8333
10 92 6974
10 95 7836
10 96 9941
10 97 6020
10 99 9646
10 100 6550
10 102 1073
10 103 4414
10 105 1806
10 106 7088
10 107 1548
10 109 8468
10 112 4400
10 115 8840
10 117 8676
10 119 3613
10 122 440
10 128 3071
10 129 8680
10 132 4149
10 133 9981
11 12 6355
11 19 7728
11 21 1592
11 22 2596
11 23 4223
11 24 2643
11 25 979
11 26 4440
11 28 5792
11 29 4017
11 32 8476
11 33 7645
11 36 7327
11 39 2150
11 41 7074
11 44 8166
11 46 1201
11 50 3917
11 51 51
11 54 8855
11 55 9982
11 56 191
11 57 3425
11 58 6786
11 59 472
11 63 4827
11 66 5481
11 68 207
11 69 10000
11 73 901
11 74 3166
11 75 8722
11 77 2909
11 78 9563
11 80 7461
11 83 2410
11 84 5121
11 85 8399
11 86 9900
11 88 8295
11 89 4943
11 90 4602
11 91 196
11 93 5503
11 95 3668
11 97 2953
11 98 4691
11 99 8959
11 103 7758
11 104 8975
11 107 1425
11 108 7190
11 110 6703
11 111 4051
11 112 3953
11 113 343
11 115 3300
11 116 265
11 117 2483
11 119 9059
11 121 3950
11 122 1249
11 123 4016
11 125 666
11 126 6555
11 127 8189
11 128 5341
11 129 383
12 15 5461
12 16 3047
12 18 9398
12 19 9760
12 20 88
12 21 4141
12 22 8002
12 23 5014
12 24 1647
12 27 6949
12 30 3286
12 32 2373
12 35 6156
12 37 515
12 38 7741
12 39 2238
12 41 2656
12 43 2999
12 46 5763
12 47 2735
12 50 7638
12 52 3504
12 55 333
12 57 7220
12 58 6058
12 59 4272
12 61 5073
12 62 6516
12 64 6668
12 65 6976
12 67 7276
12 68 4250
12 70 6431
12 71 6532
12 72 4541
12 74 7242
12 75 3534
12 76 9173
12 77 2014
12 78 374
12 80 4813
12 82 2024
12 88 4751
12 92 6872
12 96 9558
12 98 8128
12 100 6429
12 101 9942
12 102 9265
12 103 9598
12 104 4998
12 106 9041
12 108 331
12 111 6621
12 113 3842
12 116 2844
12 119 6534
12 120 6586
12 122 1338
12 127 2283
12 129 9098
12 130 7989
13 15 1071
13 16 3843
13 17 7632
13 22 3110
13 23 9552
13 24 9555
13 25 1671
13 26 509
13 27 2096
13 28 259
13 29 5672
13 31 4635
13 33 7907
13 36 3336
13 38 8395
13 40 5485
13 44 6463
13 45 8252
13 47 8250
13 49 4141
13 50 3124
13 51 3410
13 53 8208
13 54 4140
13 57 5453
13 67 3691
13 69 1480
13 73 1251
13 74 506
13 75 3855
13 79 4761
13 80 5090
13 81 7212
13 82 4908
13 84 1083
13 85 4667
13 88 3796
13 89 9213
13 90 9804
13 91 6918
13 92 1860
13 93 1547
13 94 723
13 95 6883
13 97 8227
13 98 6372
13 99 3451
13 100 1594
13 101 4685
13 102 5887
13 103 9365
13 106 9880
13 108 2064
13 110 7878
13 112 6919
13 115 6330
13 116 1393
13 117 7364
13 120 5821
13 121 9905
13 122 8137
13 123 4082
13 126 5896
13 127 5128
13 128 8963
13 129 7205
13 131 6861
13 132 688
13 133 3492
14 16 2494
14 19 9134
14 20 6182
14 23 1454
14 24 1517
14 26 4554
14 27 8132
14 30 120
14 31 7066
14 33 3376
14 35 913
14 38 8537
14 39 419
14 41 1863
14 42 1638
14 44 5025
14 45 2186
14 47 8336
14 49 3625
14 54 2576
14 58 7861
14 59 8913
14 60 154
14 62 8759
14 63 3110
14 64 7837
14 65 8125
14 67 1791
14 68 6228
14 69 5528
14 71 8521
14 72 2564
14 75 6849
14 78 7243
14 79 2050
14 80 4103
14 81 7542
14 82 8969
14 83 65
14 85 2058
14 86 1039
14 90 5417
14 91 2215
14 95 4972
14 97 8517
14 98 4967
14 99 2502
14 100 557
14 101 4959
14 103 3067
14 104 1846
14 107 2320
14 108 867
14 109 2930
14 110 5943
14 112 4526
14 113 5730
14 114 3787
14 115 7069
14 116 7709
14 117 2663
14 120 4929
14 124 781
14 126 7612
14 128 1293
14 130 1680
14 133 9996
15 16 8510
15 19 3792
15 23 410
15 24 6373
15 27 5100
15 28 9691
15 29 5767
15 31 4039
15 33 4907
15 34 1258
15 36 4891
15 38 6499
15 39 1245
15 40 1305
15 41 6380
15 45 1205
15 48 7475
15 50 5353
15 52 7010
15 57 68
15 59 9427
15 60 3750
15 61 7525
15 63 4600
15 67 9949
15 69 1794
15 72 4998
15 74 9867
15 78 3296
15 80 196
15 81 3669
15 82 6962
15 83 1124
15 84 3713
15 85 2510
15 86 2958
15 90 943
15 93 4706
15 94 1334
15 99 3618
15 105 1522
15 107 1846
15 114 8658
15 117 3157
15 119 1534
15 122 1741
15 124 1306
15 125 3302
15 127 1880
15 129 5260
15 131 860
15 133 4490
16 22 2856
16 24 2303
16 26 2774
16 28 9012
16 30 8743
16 34 332
16 35 2474
16 36 7992
16 37 8495
16 38 2743
16 40 6458
16 43 6350
16 44 4898
16 46 9650
16 52 75
16 53 6411
16 54 485
16 60 3645
16 61 6154
16 62 9488
16 63 9398
16 64 5158
16 66 1439
16 67 6934
16 68 2060
16 70 3482
16 72 9500
16 77 1868
16 81 2241
16 82 8544
16 85 8973
16 87 9997
16 88 4850
16 89 6089
16 90 4114
16 92 8033
16 94 9268
16 101 4885
16 102 7502
16 103 6629
16 106 9268
16 108 6751
16 109 2661
16 110 7285
16 112 3077
16 113 6320
16 116 1638
16 118 5368
16 120 1522
16 124 7362
16 125 1454
16 127 4943
16 129 1317
16 131 7553
16 132 2080
16 133 2950
17 18 7773
17 19 3381
17 20 8791
17 23 4160
17 25 6826
17 29 7973
17 30 9519
17 31 4738
17 32 8391
17 34 8314
17 37 5855
17 38 9207
17 39 4438
17 41 4831
17 42 9746
17 46 9029
17 48 1639
17 53 880
17 55 7801
17 56 7963
17 58 1564
17 60 7676
17 62 2482
17 65 4767
17 66 5168
17 70 7387
17 71 4463
17 73 8651
17 76 9682
17 78 1900
17 79 6987
17 83 8801
17 86 1921
17 87 673
17 88 8835
17 89 6444
17 91 5064
17 93 7403
17 94 6660
17 98 6739
17 99 6494
17 102 5009
17 103 2778
17 104 2616
17 107 8344
17 108 5522
17 109 2166
17 110 4623
17 111 4612
17 114 8564
17 115 2683
17 118 2873
17 119 4754
17 121 4299
17 122 4360
17 124 8706
17 125 9617
17 126 5497
17 127 2231
17 129 9180
17 133 9336
18 22 8517
18 24 2683
18 25 5331
18 26 2655
18 27 86
18 28 4164
18 32 9771
18 37 1248
18 40 7192
18 44 2863
18 46 97
18 47 3319
18 48 5552
18 51 7742
18 52 5109
18 53 2543
18 55 1688
18 56 9759
18 57 8116
18 58 1049
18 60 3878
18 61 3705
18 66 5833
18 68 5226
18 69 7013
18 70 4211
18 71 3028
18 72 205
18 73 8722
18 74 2012
18 75 7558
18 76 5361
18 78 3038
18 80 6140
18 83 1061
18 88 5981
18 91 514
18 92 4441
18 95 3458
18 100 8753
18 102 826
18 105 1310
18 108 942
18 109 5659
18 112 9410
18 115 7974
18 117 5311
18 119 8286
18 121 107
18 122 7211
18 123 1556
18 124 3333
18 125 7333
18 126 9945
18 127 3451
18 128 5152
18 129 5572
18 130 6739
18 132 2432
18 133 8692
19 23 4309
19 25 8833
19 26 4067
19 27 4336
19 30 6248
19 31 317
19 32 233
19 34 5942
19 37 6463
19 38 6064
19 41 802
19 43 908
19 44 7487
19 45 177
19 47 1064
19 48 8324
19 51 1159
19 52 6796
19 53 8374
19 54 2867
19 55 7491
19 56 8417
19 64 6174
19 65 1961
19 69 28
19 70 7149
19 72 7197
19 78 8070
19 79 257
19 80 161
19 84 9756
19 85 3580
19 86 5662
19 88 6987
19 91 8937
19 95 4707
19 96 3690
19 97 8516
19 98 3949
19 101 9510
19 103 6703
19 105 3576
19 106 3563
19 108 8508
19 109 6527
19 110 5359
19 111 3290
19 112 5071
19 114 1251
19 115 9154
19 116 451
19 117 3061
19 118 4334
19 120 6757
19 122 29
19 123 1892
19 126 141
19 127 2366
19 129 5621
19 130 8649
19 132 6213
19 133 8011
20 22 3480
20 28 3773
20 29 9456
20 32 1371
20 34 224
20 37 7192
20 39 2128
20 40 1446
20 41 9215
20 43 1927
20 44 2141
20 45 834
20 49 6680
20 50 9430
20 51 4618
20 52 3630
20 54 8312
20 61 9091
20 63 7845
20 64 8732
20 67 248
20 68 6756
20 71 5883
20 75 4998
20 76 1429
20 77 8760
20 79 9662
20 81 9603
20 82 5503
20 84 2723
20 86 6746
20 88 8401
20 89 9544
20 90 8829
20 92 6019
20 93 4542
20 94 9295
20 95 9210
20 97 7996
20 99 5560
20 102 1708
20 104 2456
20 106 2082
20 110 2809
20 111 4111
20 112 3367
20 113 8333
20 115 8625
20 118 7471
20 119 5963
20 121 1313
20 122 6161
20 124 1588
20 125 7956
20 126 753
20 127 3547
20 128 8097
20 133 4043
21 22 956
21 30 2609
21 35 4131
21 36 5262
21 37 9515
21 39 9274
21 42 9667
21 43 6343
21 45 9956
21 46 3521
21 47 1020
21 49 7361
21 50 1634
21 51 8828
21 54 6245
21 56 7701
21 57 6805
21 59 4013
21 62 3464
21 66 6179
21 67 4893
21 69 8240
21 70 766
21 71 8001
21 72 2020
21 73 8896
21 75 1950
21 80 9771
21 81 4692
21 84 9002
21 85 9895
21 86 7518
21 88 5297
21 89 477
21 90 2599
21 91 8290
21 92 7059
21 93 3227
21 94 5317
21 97 1393
21 99 2403
21 101 8794
21 102 8672
21 105 3703
21 106 8587
21 111 8616
21 112 6821
21 114 1388
21 115 7927
21 118 6118
21 120 6337
21 121 7815
21 122 1631
21 124 9935
21 127 1565
21 129 3924
21 131 7565
21 133 4385
22 26 8593
22 27 5626
22 29 6062
22 31 4012
22 33 4190
22 34 4746
22 35 7439
22 37 1176
22 40 6263
22 42 1394
22 44 5717
22 46 7463
22 49 8777
22 51 7207
22 52 2021
22 53 2276
22 55 3090
22 57 9763
22 58 4873
22 60 6998
22 61 3312
22 62 5642
22 65 2339
22 67 7510
22 69 9152
22 71 820
22 72 15
22 73 1032
22 74 9058
22 75 1205
22 79 7760
22 80 6034
22 81 2227
22 83 1531
22 84 4878
22 85 6825
22 86 7809
22 87 664
22 89 1772
22 90 4707
22 91 8361
22 92 2504
22 94 344
22 96 4940
22 98 9127
22 100 8223
22 101 2160
22 103 7737
22 105 9912
22 106 196
22 110 7357
22 112 3456
22 114 7504
22 116 1706
22 118 934
22 120 2473
22 122 5758
22 123 6623
22 127 9788
22 130 8960
22 131 7330
23 25 5779
23 26 7055
23 28 1868
23 30 1697
23 31 617
23 34 1446
23 37 1831
23 38 3621
23 39 7307
23 41 8082
23 42 4554
23 44 3652
23 47 8155
23 49 1498
23 53 2845
23 56 4422
23 60 58
23 61 7461
23 62 6772
23 63 5917
23 64 655
23 67 5772
23 69 2208
23 72 8276
23 74 3167
23 77 6525
23 81 2637
23 82 1733
23 84 8561
23 87 840
23 91 9064
23 92 2929
23 93 2427
23 94 1477
23 101 9663
23 102 7261
23 103 5740
23 105 6024
23 106 9397
23 108 5469
23 109 6512
23 114 4115
23 115 7026
23 117 428
23 120 3541
23 121 6168
23 122 2460
23 124 9482
23 125 963
23 126 2095
23 127 9642
23 129 8910
23 130 1243
23 132 407
23 133 9896
24 26 2468
24 28 9639
24 30 1534
24 31 8079
24 36 2552
24 46 2672
24 48 2694
24 50 8511
24 51 5195
24 52 3505
24 53 3482
24 55 782
24 57 7692
24 58 3445
24 61 8392
24 62 9341
24 63 2326
24 66 6816
24 67 3764
24 73 7202
24 75 2454
24 77 4244
24 78 3392
24 79 491
24 80 9988
24 82 4016
24 83 2851
24 84 3045
24 86 3453
24 89 721
24 91 5627
24 92 4350
24 94 2131
24 95 6432
24 96 2605
24 97 2732
24 98 2716
24 100 6364
24 101 2274
24 102 2428
24 104 5118
24 107 5939
24 111 2585
24 112 9
24 114 1631
24 117 6877
24 119 7745
24 120 1918
24 121 7951
24 122 5014
24 124 9069
24 125 5111
24 129 1131
25 28 6177
25 30 9763
25 32 1714
25 34 6725
25 36 473
25 37 9389
25 38 1133
25 40 4190
25 41 254
25 43 6452
25 46 2530
25 47 8048
25 48 7815
25 49 7631
25 51 3258
25 52 5143
25 54 6518
25 58 4465
25 59 6867
25 60 625
25 61 6931
25 63 7740
25 65 8330
25 66 9860
25 67 2814
25 70 571
25 74 3333
25 75 21
25 76 450
25 79 1357
25 81 1302
25 84 8891
25 89 9540
25 90 16
25 92 5410
25 93 5849
25 95 7795
25 96 8146
25 97 5163
25 100 3483
25 102 9606
25 103 4503
25 105 921
25 107 6835
25 109 3069
25 114 2690
25 115 9140
25 119 2713
25 120 7884
25 121 2319
25 124 8602
25 129 395
26 28 5978
26 30 5772
26 33 8302
26 36 5631
26 38 4232
26 40 7545
26 43 5581
26 46 5647
26 47 5848
26 50 1586
26 51 3923
26 52 9662
26 53 8584
26 54 1729
26 56 8604
26 62 9183
26 67 3201
26 69 7300
26 73 7375
26 74 9445
26 75 1687
26 76 3246
26 78 8418
26 79 2431
26 80 8560
26 81 8599
26 89 9796
26 90 6612
26 91 1179
26 93 3205
26 94 6313
26 95 6623
26 101 1971
26 105 2869
26 107 5517
26 112 8475
26 115 5415
26 116 3817
26 117 8516
26 121 7489
26 124 8943
26 125 1533
26 126 1150
26 127 4898
26 128 8830
26 129 1896
26 130 6697
27 30 4185
27 32 6522
27 33 4645
27 34 1350
27 36 3147
27 37 3678
27 38 5826
27 40 7015
27 43 7566
27 44 207
27 45 5313
27 47 9874
27 48 914
27 51 3728
27 55 8070
27 59 9148
27 60 3107
27 61 1311
27 62 6736
27 63 1069
27 64 4596
27 69 8598
27 70 9344
27 72 5608
27 74 2945
27 75 8011
27 79 8873
27 82 4622
27 84 5960
27 86 7779
27 88 7535
27 91 2624
27 92 3455
27 94 6022
27 97 5686
27 98 6797
27 99 6925
27 101 4833
27 102 2028
27 103 3165
27 104 3582
27 105 4506
27 107 4487
27 108 4167
27 109 5731
27 110 6920
27 114 8931
27 116 619
27 117 5527
27 119 9133
27 124 8698
27 129 3836
27 130 494
27 131 871
27 132 3381
28 29 7283
28 30 8072
28 31 2781
28 32 4608
28 35 5806
28 36 937
28 37 5038
28 38 5955
28 41 7264
28 42 4552
28 43 1562
28 48 2064
28 51 410
28 52 6360
28 55 8223
28 56 2470
28 57 495
28 58 929
28 59 8404
28 61 3732
28 62 3953
28 63 2038
28 64 2293
28 66 2199
28 67 7154
28 72 2777
28 73 3069
28 75 4373
28 77 2582
28 79 4812
28 80 3619
28 81 7586
28 82 100
28 83 1603
28 87 2775
28 88 6121
28 91 9173
28 93 8288
28 94 8664
28 98 7417
28 100 6742
28 102 668
28 103 3512
28 105 7471
28 109 9164
28 112 5348
28 113 759
28 115 7193
28 119 9307
28 120 2644
28 121 5979
28 122 9204
28 123 3135
28 124 3128
28 128 7132
28 129 7869
28 131 9883
28 132 2805
29 33 8518
29 34 6437
29 37 889
29 38 9485
29 39 1082
29 40 260
29 41 8005
29 42 907
29 43 4644
29 46 6957
29 53 9919
29 55 2947
29 58 4324
29 64 5420
29 67 7617
29 68 3646
29 72 6891
29 73 9146
29 74 5785
29 75 8396
29 76 9851
29 78 6482
29 79 9461
29 82 1419
29 83 1175
29 84 7688
29 87 7260
29 90 3465
29 91 6943
29 93 8061
29 94 7420
29 95 30
29 97 6169
29 99 9159
29 102 9215
29 103 9733
29 105 7821
29 107 7420
29 110 3257
29 114 4916
29 115 3076
29 116 9535
29 117 5435
29 118 627
29 120 8228
29 122 6068
29 126 5408
29 127 2635
29 129 8909
29 132 5692
30 31 5687
30 33 6190
30 35 9473
30 41 6456
30 44 9888
30 46 7951
30 50 1773
30 52 1422
30 53 4221
30 54 309
30 56 5455
30 60 9612
30 63 370
30 65 5557
30 70 1347
30 72 4797
30 73 6694
30 75 6934
30 78 4562
30 79 2495
30 80 481
30 81 8237
30 82 7655
30 84 4736
30 85 7952
30 86 2416
30 87 1605
30 91 9252
30 92 2746
30 94 6487
30 96 6889
30 98 4948
30 100 7937
30 101 4527
30 102 6370
30 103 3160
30 104 5574
30 105 6622
30 106 5765
30 108 6045
30 109 1814
30 110 8985
30 112 4402
30 113 9648
30 117 9483
30 118 7185
30 120 5344
30 121 2253
30 122 3436
30 123 6491
30 129 6386
30 131 9235
30 132 6174
31 34 3789
31 42 4613
31 43 6974
31 46 7080
31 49 3429
31 53 32
31 58 4773
31 62 6231
31 68 4015
31 70 713
31 73 763
31 77 4546
31 78 7032
31 82 5926
31 84 9943
31 86 7282
31 87 861
31 89 86
31 91 3723
31 94 8768
31 97 7804
31 99 1730
31 102 7305
31 103 8084
31 108 5025
31 110 3976
31 112 8656
31 113 445
31 114 8328
31 115 2519
31 117 2656
31 121 4524
31 122 1212
31 125 6577
31 127 7981
31 128 9326
31 132 7755
32 34 6746
32 38 8357
32 40 1319
32 41 9026
32 42 1234
32 44 8152
32 46 1875
32 47 5257
32 49 9092
32 51 8624
32 53 296
32 55 9632
32 56 1400
32 57 2722
32 60 3851
32 61 2218
32 62 2417
32 63 2821
32 66 7630
32 67 2948
32 69 9410
32 77 9736
32 79 4153
32 84 621
32 86 5195
32 87 9400
32 88 5013
32 89 2240
32 94 5006
32 95 1870
32 96 166
32 99 4137
32 100 38
32 102 4113
32 107 9732
32 108 2234
32 109 5106
32 110 3043
32 115 7163
32 116 9393
32 117 6569
32 118 4024
32 127 3131
32 128 570
32 129 625
32 131 8273
32 132 3379
33 34 546
33 35 7271
33 36 1780
33 37 9064
33 42 3491
33 43 7367
33 45 7190
33 46 9122
33 48 219
33 49 7103
33 50 3288
33 51 882
33 55 240
33 56 6012
33 59 4241
33 60 8300
33 63 4503
33 65 1247
33 67 9749
33 68 4872
33 69 9570
33 70 9780
33 74 3638
33 75 8454
33 76 8615
33 79 9200
33 81 4138
33 82 6395
33 84 5192
33 85 8529
33 86 9475
33 88 9914
33 89 1840
33 90 6321
33 92 7009
33 93 4832
33 95 1211
33 96 1502
33 98 2871
33 100 6715
33 101 1707
33 103 1553
33 104 5435
33 106 339
33 107 6082
33 108 417
33 112 1940
33 114 2344
33 117 5558
33 119 6940
33 120 894
33 121 9423
33 124 1518
33 126 8228
33 129 4665
33 131 1835
33 132 722
34 35 9425
34 36 7056
34 37 2769
34 42 6460
34 44 9626
34 46 9
34 49 5964
34 51 3514
34 57 2122
34 59 6205
34 61 5698
34 63 362
34 64 7034
34 68 5350
34 71 3973
34 73 7243
34 74 7391
34 81 234
34 82 3049
34 83 9074
34 84 9296
34 86 4420
34 87 1846
34 88 1608
34 89 5841
34 92 3289
34 95 547
34 98 197
34 100 2643
34 101 2968
34 103 1431
34 104 5813
34 105 7281
34 107 7633
34 109 9595
34 110 9384
34 112 9407
34 118 8142
34 119 6028
34 122 8972
34 126 3944
34 127 4146
34 129 6554
34 131 5180
34 132 8862
35 40 9591
35 43 7914
35 45 5922
35 49 7004
35 50 6841
35 51 3354
35 53 3191
35 56 189
35 57 3490
35 58 9532
35 60 4381
35 61 73
35 62 7851
35 67 4697
35 68 2422
35 70 6984
35 71 795
35 72 2300
35 74 7439
35 77 8583
35 79 4872
35 82 2243
35 85 3982
35 86 301
35 87 6226
35 92 2853
35 93 9235
35 95 6731
35 96 6989
35 99 6581
35 101 1190
35 102 8448
35 105 8571
35 106 3993
35 112 1498
35 113 3786
35 116 9948
35 123 1543
35 126 3660
35 127 17
35 128 996
35 129 7087
35 133 7262
36 39 8741
36 41 7883
36 43 2296
36 44 3224
36 45 982
36 56 4894
36 59 5563
36 60 9231
36 61 820
36 62 7585
36 64 4678
36 71 2695
36 73 737
36 74 3268
36 78 2798
36 79 23
36 83 3896
36 84 1217
36 88 308
36 91 1176
36 92 6380
36 94 7604
36 100 4884
36 101 4082
36 102 5043
36 104 7976
36 106 2290
36 107 9096
36 109 3617
36 110 7046
36 118 80
36 121 277
36 122 243
36 123 5057
36 127 133
36 129 8610
36 131 5004
36 132 8323
36 133 1215
37 38 2968
37 44 6459
37 46 9203
37 47 6146
37 48 3401
37 49 4861
37 51 1014
37 52 655
37 55 9676
37 60 5891
37 61 3636
37 64 7148
37 65 2115
37 68 4961
37 70 4724
37 71 4241
37 73 3866
37 74 7154
37 75 9933
37 76 2249
37 80 2889
37 84 7869
37 85 1171
37 87 7129
37 88 8662
37 94 636
37 95 1294
37 97 7149
37 99 8115
37 100 5744
37 101 866
37 103 7125
37 105 8017
37 106 7241
37 107 9106
37 112 7080
37 113 9598
37 116 364
37 118 8553
37 119 8026
37 120 6806
37 122 3046
37 125 6372
37 131 9685
37 133 2346
38 40 615
38 42 2954
38 43 2379
38 44 6361
38 45 6805
38 48 1626
38 51 2649
38 52 9965
38 53 5222
38 58 9218
38 71 347
38 76 8196
38 77 2346
38 78 9228
38 79 5010
38 83 3453
38 84 4787
38 85 5160
38 89 8178
38 90 742
38 92 2514
38 94 2300
38 95 7088
38 99 7037
38 101 1542
38 102 1784
38 105 9015
38 106 2020
38 108 2915
38 110 5354
38 111 3530
38 112 9192
38 114 4894
38 116 2797
38 118 4046
38 122 4101
38 126 9605
38 127 2808
38 130 2438
39 42 523
39 44 5491
39 46 3803
39 48 1535
39 50 862
39 51 9101
39 53 2447
39 55 1916
39 58 5878
39 59 9470
39 61 1483
39 62 7250
39 65 8630
39 68 3104
39 69 2508
39 71 3936
39 72 3555
39 74 1158
39 75 5271
39 79 875
39 83 71
39 85 6423
39 86 1714
39 87 7254
39 89 7373
39 90 5829
39 92 9573
39 94 3166
39 95 2178
39 96 1126
39 99 7793
39 104 2884
39 106 1399
39 107 9639
39 110 8682
39 111 1980
39 112 1051
39 115 4711
39 117 2844
39 119 2899
39 121 408
39 126 1786
39 130 3984
39 131 9772
39 132 512
39 133 4580
40 45 7094
40 48 3345
40 51 4312
40 52 9766
40 54 6478
40 56 9388
40 58 6968
40 61 4725
40 62 3683
40 63 155
40 64 5078
40 65 5346
40 67 6766
40 72 7727
40 73 7538
40 74 5634
40 75 5733
40 76 3855
40 77 9096
40 81 5812
40 82 8795
40 84 1127
40 85 6341
40 87 6788
40 92 5963
40 93 2948
40 94 6240
40 96 3535
40 97 844
40 98 5238
40 100 9715
40 101 8882
40 103 8291
40 104 7956
40 106 8066
40 110 1837
40 111 3316
40 115 9363
40 118 5977
40 123 1807
40 125 7223
40 126 4099
40 127 4728
40 128 1328
40 131 2527
40 132 2261
40 133 5796
41 43 3341
41 46 6501
41 47 744
41 48 5761
41 50 4905
41 52 2463
41 53 4335
41 54 5955
41 58 9614
41 61 7522
41 62 4924
41 63 5085
41 64 8566
41 65 5950
41 66 4302
41 69 7794
41 75 5279
41 76 8648
41 77 4284
41 80 1909
41 81 1258
41 85 739
41 94 7396
41 98 719
41 100 8108
41 103 6687
41 105 3503
41 107 6510
41 109 9316
41 111 3347
41 112 7415
41 114 3217
41 115 3961
41 117 8250
41 118 5267
41 120 9008
41 121 223
41 123 1421
41 127 2162
41 129 2089
41 131 1093
41 133 1469
42 46 8313
42 47 3835
42 48 5332
42 51 4449
42 53 4734
42 54 1878
42 60 7890
42 61 4234
42 62 7967
42 63 7885
42 65 1387
42 67 6389
42 77 9011
42 78 215
42 79 9235
42 80 5036
42 85 2261
42 86 5377
42 88 5811
42 90 3432
42 92 2572
42 94 3596
42 96 6263
42 97 4978
42 98 1700
42 100 5687
42 101 6542
42 102 1291
42 103 3788
42 104 4525
42 108 9915
42 109 9572
42 116 222
42 117 2961
42 118 3970
42 119 5680
42 120 1826
42 121 3536
42 126 497
42 128 8397
42 130 6087
42 132 429
42 133 7997
43 45 1839
43 46 1171
43 48 9903
43 49 3780
43 50 3140
43 51 1873
43 52 9058
43 54 9840
43 56 7856
43 58 1374
43 63 9461
43 66 1550
43 67 7257
43 71 4451
43 73 1560
43 74 8552
43 76 712
43 78 8787
43 79 3742
43 81 6497
43 82 1402
43 83 3310
43 85 1472
43 87 9405
43 89 2202
43 93 9889
43 94 4682
43 95 7075
43 97 1093
43 99 2963
43 102 667
43 104 9236
43 105 5019
43 106 7116
43 108 5156
43 115 3705
43 117 9151
43 118 7330
43 120 635
43 121 6775
43 122 8135
43 125 695
43 127 1161
43 128 5243
43 131 9222
44 46 8799
44 47 344
44 49 596
44 50 3042
44 52 7649
44 53 2074
44 55 1684
44 59 4088
44 63 7363
44 64 7069
44 65 2117
44 66 6114
44 68 9018
44 69 3602
44 71 8404
44 76 1603
44 77 8778
44 78 3401
44 81 7550
44 85 3230
44 89 166
44 90 7968
44 97 3185
44 98 460
44 99 2447
44 101 8905
44 103 9156
44 104 7036
44 105 2428
44 109 9576
44 110 218
44 111 5365
44 112 4660
44 113 3761
44 115 1720
44 116 6432
44 117 766
44 120 9527
44 123 9163
44 124 6933
44 125 8968
44 126 8588
44 128 2630
44 133 5775
45 46 5763
45 49 7801
45 53 3573
45 56 8256
45 58 7371
45 59 6451
45 60 2360
45 63 5950
45 65 1058
45 71 3132
45 75 9219
45 76 8193
45 78 736
45 79 7492
45 80 1123
45 81 8773
45 82 5408
45 84 277
45 85 7518
45 87 7981
45 88 310
45 89 1012
45 91 4460
45 93 1321
45 94 4860
45 95 9896
45 100 1492
45 103 7552
45 104 132
45 106 7126
45 110 8853
45 112 7042
45 114 6184
45 115 4300
45 116 2533
45 120 8058
45 123 6137
45 124 2510
45 126 1522
45 127 6424
45 128 5194
45 129 9424
45 133 6808
46 48 9919
46 49 6197
46 50 6222
46 52 9324
46 53 371
46 56 572
46 57 7181
46 59 773
46 62 363
46 63 6414
46 68 4561
46 69 8647
46 73 7306
46 74 1239
46 75 1520
46 79 4859
46 82 1123
46 85 2296
46 87 3558
46 88 9168
46 89 3988
46 90 6203
46 93 8649
46 96 2739
46 98 6431
46 100 221
46 103 3099
46 106 9620
46 108 9863
46 109 8720
46 110 6589
46 116 7359
46 118 5088
46 120 2026
46 121 6949
46 124 8929
46 131 1503
46 133 1884
47 53 8132
47 55 5089
47 57 2354
47 65 7047
47 66 3875
47 71 7211
47 72 8589
47 75 6934
47 76 5822
47 77 3199
47 79 8727
47 81 3839
47 83 4484
47 88 6252
47 89 5682
47 90 6804
47 91 2905
47 94 4909
47 95 6256
47 96 1472
47 99 427
47 104 238
47 105 5956
47 107 8757
47 108 7765
47 112 7343
47 114 2907
47 119 1700
47 120 3192
47 122 8404
47 123 269
47 124 9418
47 125 8213
47 126 2466
47 128 7252
47 132 7390
48 49 3932
48 52 6103
48 53 9693
48 57 1429
48 63 8515
48 64 3903
48 65 8633
48 66 5901
48 71 371
48 74 4720
48 79 4484
48 80 1469
48 82 1594
48 83 8609
48 84 5699
48 89 8033
48 90 2885
48 93 8608
48 96 1106
48 97 3094
48 98 9432
48 99 9793
48 102 9076
48 107 6859
48 109 6790
48 110 8834
48 119 9039
48 120 7772
48 121 2966
48 122 4610
48 124 1733
48 127 6077
48 128 9501
48 130 8959
48 131 6734
49 53 3221
49 54 1371
49 55 2574
49 58 2029
49 60 6650
49 61 6687
49 63 1887
49 64 7417
49 65 173
49 66 3979
49 67 3427
49 68 7932
49 69 5697
49 70 3801
49 71 138
49 77 6078
49 80 1071
49 82 5064
49 84 8218
49 86 7304
49 87 14
49 89 9855
49 91 9881
49 93 9481
49 97 6411
49 99 5368
49 101 2189
49 103 5369
49 105 2559
49 107 7385
49 108 2550
49 111 6281
49 112 7374
49 114 8116
49 116 2318
49 117 5143
49 120 2718
49 121 5297
49 122 8133
49 123 5570
49 130 3539
50 51 1923
50 55 3507
50 56 3813
50 57 7688
50 60 9658
50 62 7312
50 65 4688
50 66 6289
50 67 9358
50 68 7842
50 69 8944
50 70 5001
50 71 5752
50 72 1822
50 75 2845
50 76 6393
50 77 9247
50 80 931
50 81 8143
50 82 7715
50 85 6886
50 88 8007
50 89 72
50 90 1405
50 91 2402
50 93 5209
50 97 1499
50 98 2634
50 99 8609
50 100 5304
50 101 8163
50 102 4720
50 104 7251
50 106 668
50 109 4787
50 111 3367
50 113 1884
50 114 3264
50 116 6581
50 118 9405
50 119 5255
50 122 1814
50 123 1445
50 124 7882
50 125 4827
50 126 2061
50 128 7933
50 131 3351
50 133 5408
51 53 9213
51 55 9123
51 56 5969
51 57 7141
51 61 3553
51 63 4927
51 66 6620
51 68 3074
51 69 8907
51 70 7561
51 71 2413
51 73 2243
51 75 8711
51 76 5381
51 77 7293
51 80 1344
51 81 3819
51 82 4850
51 84 3464
51 85 3533
51 90 7865
51 97 2017
51 98 1197
51 100 1865
51 103 3979
51 106 3603
51 107 7876
51 108 9758
51 110 3653
51 111 348
51 112 2676
51 113 6876
51 114 8659
51 116 4883
51 117 3800
51 119 6035
51 121 4237
51 122 6496
51 123 4574
51 124 3629
51 125 900
51 130 3544
51 132 7309
51 133 9816
52 53 2160
52 54 6468
52 56 4861
52 57 6402
52 61 573
52 63 7832
52 64 9555
52 65 8933
52 67 9635
52 68 7554
52 74 189
52 76 4540
52 85 7640
52 89 1188
52 90 2705
52 91 4183
52 93 3211
52 94 7233
52 96 3528
52 97 2216
52 99 4523
52 100 3850
52 103 9838
52 104 7955
52 105 9884
52 107 9636
52 108 6566
52 110 624
52 111 6742
52 114 2546
52 115 9506
52 116 7055
52 118 871
52 119 7132
52 120 9742
52 125 9470
52 126 189
52 128 8446
52 130 9528
52 133 7103
53 54 4027
53 57 5373
53 58 7948
53 59 9629
53 61 7729
53 62 9639
53 63 9611
53 64 2424
53 65 3505
53 67 8563
53 70 5824
53 73 8892
53 74 703
53 76 394
53 77 7315
53 78 2086
53 82 3924
53 83 3578
53 87 8826
53 92 2723
53 94 7772
53 98 5034
53 102 1674
53 103 9255
53 109 9381
53 112 8224
53 113 7945
53 118 4751
53 119 1680
53 120 5890
53 122 676
53 130 8944
53 131 7073
53 132 4446
53 133 3291
54 55 7190
54 56 6640
54 57 2255
54 58 826
54 59 4707
54 61 7075
54 62 6343
54 64 9856
54 65 31
54 69 8985
54 70 9163
54 71 1711
54 74 5242
54 76 511
54 80 1131
54 81 3569
54 82 5047
54 83 4559
54 84 7099
54 88 1347
54 90 9247
54 91 2175
54 92 383
54 93 8694
54 94 7946
54 96 6847
54 98 2037
54 100 6632
54 101 8853
54 104 6563
54 106 9992
54 107 4371
54 110 6235
54 111 9936
54 117 5584
54 118 6576
54 119 3052
54 124 6713
54 127 1465
54 132 3039
55 58 2387
55 60 1681
55 63 2266
55 65 6261
55 66 1046
55 67 8838
55 73 4845
55 77 7868
55 78 5739
55 81 6883
55 82 4792
55 83 6780
55 85 368
55 86 4710
55 88 8357
55 90 7326
55 92 1898
55 95 2767
55 96 7327
55 99 6081
55 102 3253
55 103 5897
55 104 9455
55 105 3374
55 106 9948
55 109 2174
55 110 4779
55 112 7028
55 114 3601
55 115 9030
55 117 7552
55 118 4498
55 121 8385
55 123 1197
55 127 2747
55 128 9719
55 129 9343
55 131 1933
55 132 393
56 63 4853
56 65 3641
56 67 2302
56 68 5160
56 69 4721
56 71 3340
56 72 8678
56 73 5692
56 74 2333
56 75 7698
56 76 3460
56 78 446
56 80 744
56 81 6432
56 82 1610
56 83 3950
56 86 7825
56 89 242
56 90 7613
56 91 555
56 96 6131
56 97 8478
56 98 1727
56 99 6548
56 100 9560
56 101 319
56 103 8733
56 106 2702
56 107 9343
56 108 1614
56 109 4374
56 112 4016
56 116 3168
56 122 2633
56 127 4131
56 128 6821
56 130 7915
56 133 8557
57 59 1365
57 61 9361
57 63 1784
57 67 6370
57 68 8606
57 69 4266
57 70 9123
57 74 6282
57 77 8922
57 80 6024
57 82 5697
57 83 6328
57 85 4692
57 86 9131
57 87 7923
57 88 2870
57 90 8963
57 92 2620
57 97 534
57 100 9032
57 106 5945
57 107 5955
57 108 3734
57 114 7635
57 115 9961
57 118 3160
57 125 5414
57 127 5069
57 128 9138
57 129 2794
57 130 9768
57 131 8141
57 133 5362
58 60 3466
58 66 1035
58 67 8063
58 68 6071
58 71 91
58 72 1231
58 74 2207
58 78 6247
58 86 5851
58 88 1863
58 89 5577
58 90 1357
58 92 3944
58 93 7057
58 94 2820
58 95 3836
58 97 229
58 98 1396
58 103 8694
58 104 6219
58 105 6461
58 106 116
58 107 8352
58 108 4094
58 109 3440
58 110 6478
58 112 3673
58 114 9677
58 116 707
58 118 4715
58 119 2237
58 120 8818
58 125 4278
58 129 5051
58 130 2634
58 131 3123
58 132 1537
59 60 7963
59 62 6336
59 64 8220
59 66 5572
59 68 9707
59 70 2326
59 71 1141
59 72 1987
59 74 9903
59 75 2820
59 76 3016
59 77 6370
59 80 5797
59 81 6692
59 82 2126
59 83 3141
59 85 5413
59 88 7193
59 89 5933
59 92 6277
59 95 6727
59 99 6031
59 101 6842
59 104 4358
59 105 3578
59 106 9667
59 107 2414
59 109 7513
59 112 6423
59 113 1495
59 114 1170
59 115 9696
59 116 4907
59 119 4924
59 121 947
59 122 1916
59 123 7888
59 124 7301
59 128 9168
59 129 8104
59 131 9653
59 132 6643
59 133 1344
60 65 9898
60 68 1433
60 69 2060
60 70 8474
60 71 8451
60 75 3851
60 76 2947
60 77 3898
60 78 2202
60 80 3778
60 82 7323
60 83 1199
60 85 6202
60 87 5609
60 88 7124
60 89 1407
60 91 6584
60 93 9863
60 94 4291
60 98 8599
60 102 4162
60 103 3096
60 105 4520
60 106 9361
60 114 3387
60 115 5649
60 116 9134
60 120 361
60 123 2362
60 124 1847
60 126 6309
60 127 4738
60 128 5373
60 130 3424
60 132 2026
60 133 6106
61 63 272
61 64 2076
61 66 3292
61 69 1478
61 76 7937
61 81 7177
61 82 236
61 83 5436
61 86 1966
61 88 3883
61 89 4935
61 91 6185
61 92 648
61 93 3038
61 95 9651
61 98 2384
61 103 6629
61 104 2042
61 105 3404
61 106 6776
61 107 3745
61 108 692
61 109 2787
61 110 6200
61 111 8016
61 112 3183
61 117 1558
61 119 4617
61 120 2434
61 121 6933
61 122 9238
61 123 149
61 124 6643
61 125 801
61 127 3651
61 128 7577
61 129 6583
62 67 3894
62 68 9315
62 71 739
62 72 7987
62 73 8195
62 76 3019
62 77 7799
62 79 3191
62 80 2605
62 82 3334
62 85 9440
62 88 4135
62 89 5017
62 92 8052
62 95 9107
62 103 8125
62 104 236
62 105 670
62 106 4420
62 115 368
62 116 5555
62 118 8647
62 121 4600
62 122 4086
62 124 2351
62 127 1548
62 129 2722
63 65 6320
63 66 2138
63 67 3241
63 69 3345
63 70 2018
63 71 5202
63 73 7727
63 76 2800
63 77 6935
63 83 9512
63 88 714
63 89 8428
63 90 268
63 93 8898
63 94 3793
63 96 7819
63 98 7882
63 100 2800
63 101 2151
63 102 8838
63 104 1059
63 107 1300
63 109 9432
63 112 4971
63 115 75
63 117 5416
63 119 5800
63 120 4660
63 121 9943
63 124 106
63 126 7035
63 131 3666
64 65 3396
64 68 697
64 70 3623
64 71 239
64 72 5563
64 75 7368
64 79 9188
64 81 6341
64 82 199
64 83 4830
64 84 8840
64 85 1334
64 86 5698
64 88 3041
64 91 5467
64 92 3676
64 96 2126
64 97 900
64 100 9441
64 102 1946
64 104 5090
64 107 6895
64 108 1587
64 109 7770
64 110 3003
64 115 8748
64 117 4016
64 118 9125
64 120 3027
64 122 9820
64 123 8648
64 125 7855
64 126 3052
64 127 407
64 129 5352
64 133 717
65 66 3461
65 67 2959
65 72 5561
65 73 5142
65 74 7426
65 76 1247
65 77 8921
65 78 659
65 80 4266
65 81 7046
65 83 838
65 84 9890
65 85 7919
65 86 4603
65 87 8000
65 88 1782
65 89 867
65 90 6023
65 91 3346
65 92 6494
65 93 330
65 95 2074
65 108 4884
65 110 4885
65 111 4827
65 116 8772
65 117 536
65 118 1743
65 121 1537
65 123 130
65 125 3486
65 127 3385
65 128 7553
65 131 156
65 132 9441
66 67 8296
66 68 485
66 69 5536
66 70 3249
66 71 5328
66 73 8075
66 77 157
66 82 884
66 84 6921
66 85 3429
66 86 4459
66 88 1244
66 92 4568
66 93 6946
66 94 7777
66 97 6517
66 105 5431
66 108 7600
66 110 127
66 112 3580
66 118 5640
66 122 975
66 126 4309
66 127 7071
66 129 8650
66 133 7421
67 68 9001
67 69 5742
67 74 7944
67 79 6091
67 81 1670
67 83 2279
67 86 7065
67 87 9430
67 89 560
67 92 2837
67 94 5641
67 98 7564
67 99 2310
67 100 929
67 101 7634
67 106 8530
67 107 5188
67 108 4364
67 109 7274
67 111 616
67 118 7181
67 119 3726
67 120 8302
67 121 3827
67 124 5071
67 133 4276
68 69 2124
68 72 5665
68 74 9601
68 75 7747
68 77 173
68 79 620
68 82 3981
68 84 1151
68 85 2369
68 88 1363
68 90 4696
68 91 2599
68 92 6150
68 96 9797
68 97 8020
68 99 9392
68 100 9125
68 102 7610
68 104 9929
68 105 5349
68 109 1738
68 113 4344
68 120 6892
68 121 5416
68 122 3521
68 123 150
68 124 2238
68 126 1801
68 127 9562
68 129 8062
68 131 6622
68 132 4901
68 133 8713
69 70 8168
69 71 2643
69 74 9312
69 75 4994
69 78 3634
69 81 6065
69 82 6399
69 83 5112
69 84 7215
69 86 301
69 89 7694
69 91 759
69 92 8812
69 93 2596
69 96 4198
69 97 9508
69 98 1099
69 100 7419
69 101 6906
69 102 8345
69 103 6596
69 105 4451
69 106 716
69 107 4164
69 108 1064
69 109 3584
69 110 9897
69 111 8491
69 113 873
69 114 569
69 116 7389
69 117 4811
69 119 5916
69 120 4975
69 125 4996
69 126 1999
69 129 3113
69 133 4032
70 71 971
70 72 8717
70 75 6734
70 76 6917
70 84 9149
70 86 9659
70 88 9202
70 90 4251
70 91 473
70 92 8510
70 93 9321
70 96 106
70 98 7718
70 99 2696
70 100 7816
70 101 3712
70 102 1805
70 103 6513
70 104 1413
70 106 1751
70 107 3512
70 108 8781
70 109 1377
70 110 3079
70 114 7484
70 115 4470
70 118 2078
70 121 7060
70 123 2587
70 124 6979
70 128 4179
70 130 3035
70 131 534
71 72 599
71 75 4040
71 77 77
71 81 2165
71 84 6787
71 85 3875
71 87 3546
71 92 8289
71 98 742
71 99 4670
71 100 859
71 101 4607
71 103 9846
71 106 1127
71 108 6705
71 109 801
71 112 4780
71 114 5756
71 118 4318
71 119 293
71 120 8735
71 124 8859
71 125 7677
71 127 2574
71 129 3958
72 73 7845
72 74 6648
72 75 6608
72 76 4532
72 77 6360
72 79 4155
72 80 9499
72 81 9389
72 88 793
72 89 5562
72 90 7221
72 91 3531
72 92 2351
72 93 8662
72 94 1974
72 95 6592
72 100 5069
72 102 1250
72 103 9411
72 105 5077
72 106 9355
72 110 1223
72 113 2606
72 118 6784
72 119 8095
72 120 2397
72 123 5792
72 124 2516
72 126 9745
72 127 9703
72 133 9561
73 74 9311
73 76 194
73 79 7387
73 81 2577
73 83 3677
73 85 685
73 89 2861
73 93 2788
73 94 2804
73 95 4439
73 97 4190
73 101 7848
73 103 2649
73 107 6856
73 112 2421
73 115 3319
73 118 7160
73 119 8567
73 122 913
73 123 9494
73 127 7092
73 128 4573
73 130 4215
73 131 1558
73 132 1314
74 77 6518
74 78 678
74 79 6237
74 82 1161
74 84 758
74 85 1494
74 87 1067
74 91 7080
74 92 1389
74 93 2676
74 94 9108
74 95 1747
74 100 9583
74 104 7935
74 106 8650
74 108 6681
74 111 972
74 114 9824
74 120 8752
74 124 3190
74 126 5241
74 127 1756
74 128 5856
74 129 7610
74 130 724
74 132 7326
74 133 5894
75 76 1984
75 77 3894
75 78 1690
75 81 5067
75 82 5647
75 85 7505
75 86 7824
75 88 5272
75 89 3604
75 90 7570
75 91 3243
75 92 4471
75 93 9520
75 94 9452
75 95 3849
75 96 792
75 97 5026
75 100 1243
75 101 8485
75 105 5390
75 106 5305
75 108 2828
75 109 4929
75 110 8972
75 114 4621
75 117 5274
75 122 5378
75 123 6418
75 124 9318
75 127 7739
75 129 6714
76 80 7604
76 84 6457
76 85 7560
76 89 592
76 92 760
76 93 9506
76 97 1561
76 98 8163
76 99 6891
76 100 6136
76 101 9716
76 102 5775
76 103 4048
76 105 3573
76 106 9329
76 107 2991
76 108 7265
76 110 7715
76 113 6984
76 116 3310
76 117 6266
76 118 8522
76 120 7107
76 121 2293
76 122 7862
76 128 1395
76 129 6313
76 130 856
76 132 8555
76 133 3497
77 78 2161
77 79 6948
77 80 5074
77 82 589
77 83 6201
77 84 6998
77 87 1573
77 90 9872
77 96 6036
77 97 4795
77 102 943
77 103 8144
77 104 6392
77 107 8791
77 109 354
77 112 9963
77 114 2263
77 115 2734
77 119 4036
77 120 9950
77 121 7872
77 123 1124
77 124 1105
77 125 8054
77 126 3366
77 127 8020
77 131 6607
78 79 9672
78 80 9935
78 82 5353
78 84 8912
78 85 6837
78 86 7688
78 87 1052
78 90 4441
78 99 6138
78 104 1815
78 106 4551
78 107 883
78 109 2795
78 110 7101
78 112 718
78 115 8557
78 116 8108
78 118 5983
78 120 8149
78 121 7490
78 122 308
78 123 44
78 124 3757
78 125 4328
78 126 4529
78 127 3562
78 130 2738
79 82 7239
79 83 7080
79 85 4120
79 86 9860
79 90 3251
79 91 5246
79 93 6452
79 94 8946
79 97 4290
79 99 1565
79 102 5219
79 106 291
79 107 5293
79 108 9927
79 112 2185
79 116 6657
79 119 2259
79 122 3816
79 126 7377
79 127 59
79 128 2498
79 133 4446
80 81 8533
80 82 2156
80 85 8507
80 86 6265
80 88 6805
80 91 1039
80 92 4186
80 95 3058
80 98 2944
80 99 9126
80 102 1724
80 103 685
80 104 4261
80 110 9878
80 113 1925
80 114 7557
80 116 953
80 117 1510
80 119 1369
80 120 4921
80 121 262
80 122 1186
80 125 7311
80 126 4271
80 128 2442
80 129 9844
80 130 2617
80 133 6763
81 84 6415
81 86 665
81 87 7454
81 88 5723
81 91 2538
81 93 3503
81 94 7977
81 95 8136
81 96 5742
81 97 9935
81 98 5385
81 99 5005
81 101 5915
81 102 4199
81 103 3096
81 104 5483
81 105 8181
81 106 9622
81 107 6236
81 113 9001
81 114 4447
81 116 4808
81 117 1055
81 118 5202
81 119 1244
81 120 8976
81 122 8118
81 123 6417
81 124 9699
81 125 3007
81 126 1375
81 127 3789
81 129 4644
81 131 3352
82 83 366
82 84 1842
82 88 4269
82 89 6751
82 90 4158
82 91 1949
82 92 7529
82 93 314
82 94 9911
82 95 5913
82 99 5370
82 101 1561
82 102 1636
82 105 7302
82 108 8820
82 110 7116
82 113 6499
82 115 778
82 117 8572
82 118 181
82 121 1354
82 123 808
82 126 9202
82 128 9366
82 129 5564
82 131 9940
82 132 5155
82 133 8565
83 85 4787
83 86 5745
83 87 9838
83 90 8995
83 92 792
83 93 1583
83 94 3847
83 97 7596
83 98 3420
83 99 2635
83 100 2475
83 104 2536
83 105 4343
83 106 8609
83 108 104
83 109 1496
83 111 1077
83 113 2427
83 115 1138
83 116 1455
83 118 8457
83 120 7785
83 121 5453
83 122 1180
83 123 1164
83 124 6137
83 126 6550
83 127 2176
83 128 7517
83 129 1165
83 130 4130
83 132 514
84 86 4533
84 87 5142
84 89 8253
84 92 1647
84 96 1981
84 101 5761
84 102 6633
84 103 7028
84 104 866
84 108 9692
84 109 1155
84 110 1461
84 111 3963
84 113 9103
84 116 3907
84 121 8570
84 128 8604
84 130 5453
84 131 9733
84 133 7837
85 89 4555
85 90 454
85 91 3410
85 92 6311
85 93 4662
85 94 7072
85 95 7633
85 99 9101
85 108 4251
85 111 1896
85 112 2465
85 113 5804
85 115 3927
85 116 1901
85 117 9619
85 120 4949
85 121 1970
85 123 3477
85 124 8263
85 126 4821
85 127 2690
85 128 6362
85 129 3221
86 88 4580
86 90 7310
86 99 2794
86 104 4306
86 111 2067
86 115 8219
86 117 5763
86 119 1163
86 120 342
86 123 3585
86 125 7045
86 127 6650
86 129 8664
86 130 2803
87 89 9152
87 91 5752
87 93 973
87 94 4519
87 95 1351
87 96 632
87 98 2764
87 100 9150
87 101 3760
87 103 7083
87 104 8802
87 105 5159
87 107 940
87 110 570
87 114 1719
87 115 5414
87 118 9704
87 120 2198
87 121 6977
87 122 9961
87 124 8776
87 125 1370
87 130 318
87 132 7820
88 90 8712
88 92 6061
88 95 8780
88 98 3784
88 99 2412
88 102 5277
88 103 3145
88 104 3156
88 106 7716
88 108 7786
88 112 7400
88 114 1191
88 118 6129
88 119 7080
88 121 7933
88 122 5403
88 125 7708
88 127 2033
89 94 3973
89 97 6571
89 99 8945
89 100 3444
89 101 1124
89 103 2728
89 105 1283
89 108 2648
89 115 3698
89 116 5815
89 117 2520
89 120 5282
89 121 7432
89 123 1590
89 127 2324
89 128 5277
89 131 2501
90 95 8265
90 96 9705
90 97 3672
90 101 8337
90 102 6616
90 104 1143
90 105 8346
90 106 8743
90 107 2788
90 109 2696
90 113 621
90 114 7362
90 117 9097
90 119 7635
90 121 5172
90 122 7537
90 124 3618
90 125 5952
90 127 2778
90 128 9099
90 130 7216
90 133 9303
91 93 6907
91 96 8657
91 97 7655
91 98 779
91 99 5723
91 100 5574
91 101 5349
91 102 9979
91 107 2956
91 110 4285
91 111 6161
91 112 5652
91 114 7528
91 118 7922
91 120 5423
91 121 2198
91 122 5637
91 123 5034
91 124 1571
91 127 1801
91 128 1556
91 130 4172
92 96 855
92 98 4490
92 99 4660
92 101 6071
92 103 4108
92 106 1798
92 107 1691
92 113 8961
92 115 5475
92 119 9888
92 122 7783
92 124 7947
92 127 6589
92 129 4109
92 130 9023
92 131 6896
92 133 9019
93 94 9512
93 96 3861
93 98 9785
93 100 7048
93 101 5143
93 105 5948
93 110 689
93 111 4933
93 115 2369
93 119 9843
93 120 2995
93 121 7410
93 125 7425
93 126 9719
93 127 8457
93 128 9711
93 129 3342
93 132 5366
94 96 7417
94 99 2169
94 104 6783
94 106 6874
94 108 7058
94 112 3427
94 113 707
94 116 6760
94 117 4678
94 120 7325
94 121 3893
94 122 8574
94 123 5252
94 124 6152
94 126 7750
94 128 2007
94 129 636
94 130 2423
95 96 4542
95 97 8537
95 98 2481
95 101 9394
95 102 7999
95 103 3519
95 104 6885
95 105 3430
95 106 472
95 108 9204
95 110 1874
95 116 836
95 117 329
95 119 3703
95 120 9899
95 122 9446
95 124 8740
95 125 9199
95 127 9184
95 131 5507
95 132 8642
96 97 646
96 100 8768
96 101 8141
96 103 64
96 104 4704
96 105 8265
96 108 1924
96 112 2146
96 113 4297
96 114 1867
96 116 1872
96 119 6893
96 120 7618
96 122 2175
96 123 2279
96 126 1754
96 128 6363
96 129 1001
96 130 5087
96 131 6223
96 133 6190
97 98 188
97 100 370
97 101 6216
97 102 5699
97 105 499
97 108 3715
97 110 3204
97 111 1420
97 112 1975
97 113 8316
97 114 8389
97 116 7401
97 117 4581
97 119 2377
97 120 6435
97 121 7696
97 122 343
97 124 346
97 126 6333
97 127 3046
97 128 539
97 129 3486
97 130 3834
97 131 932
98 100 4836
98 102 1392
98 103 5366
98 105 9745
98 106 4893
98 107 8823
98 108 6420
98 109 3784
98 112 4855
98 116 286
98 120 9755
98 122 8320
98 123 4449
98 124 4808
98 125 5538
98 126 55
98 129 9945
98 130 9741
98 131 1928
98 132 6710
98 133 7363
99 102 2539
99 103 8757
99 105 2296
99 107 9978
99 109 3114
99 110 397
99 113 3395
99 114 2323
99 115 3861
99 119 7424
99 120 5411
99 123 1421
99 124 562
99 126 6576
99 127 4349
99 128 1051
99 130 8419
99 132 9658
99 133 876
100 102 7438
100 105 7991
100 108 9928
100 110 6784
100 111 7878
100 113 6107
100 115 930
100 120 7180
100 122 4860
100 125 6355
100 126 9737
100 128 886
100 133 748
101 102 9870
101 103 7512
101 105 7285
101 108 801
101 109 6389
101 112 4584
101 120 4323
101 121 4619
101 125 8730
101 129 4247
101 130 4030
101 131 2342
102 107 4173
102 108 122
102 114 8227
102 121 9887
102 122 7977
102 123 9821
102 124 9092
102 126 5886
102 127 4177
102 129 3224
102 130 6654
102 131 4189
102 132 5451
102 133 8650
103 104 4277
103 107 3123
103 108 7003
103 109 7460
103 110 3994
103 111 5181
103 114 5609
103 115 2226
103 116 1771
103 119 3997
103 120 1708
103 122 2380
103 123 9455
103 124 8293
103 126 8720
103 127 6168
103 128 5329
103 129 6836
103 132 1804
103 133 7361
104 106 9653
104 108 5331
104 109 8840
104 113 6119
104 114 5682
104 115 3406
104 120 9938
104 123 9219
104 125 8755
104 127 3816
104 128 904
104 129 4775
104 130 1549
104 131 5380
104 132 5157
104 133 4858
105 106 7045
105 107 977
105 112 3719
105 114 3428
105 115 5226
105 116 9006
105 117 6665
105 118 6775
105 119 3125
105 120 4356
105 121 6524
105 122 3986
105 124 5043
105 125 7300
105 126 1910
105 130 5662
105 132 8403
106 109 2632
106 110 7200
106 112 2504
106 114 3325
106 115 7842
106 118 7678
106 121 7978
106 124 8945
106 126 957
106 127 1712
106 128 2471
106 130 7004
106 131 1295
106 132 9721
107 108 6012
107 109 7970
107 111 2942
107 112 7497
107 113 2344
107 115 9246
107 116 4217
107 117 2075
107 118 5388
107 119 9716
107 120 7040
107 123 3488
107 125 6040
107 128 8911
107 129 2414
107 130 620
108 109 7300
108 111 3596
108 113 8906
108 114 9642
108 117 9817
108 118 3151
108 119 7845
108 120 838
108 121 5240
108 122 2104
108 125 5147
108 127 7570
108 128 2783
108 129 527
108 133 894
109 110 7525
109 111 7826
109 112 8350
109 113 1223
109 114 4105
109 116 1822
109 118 6404
109 120 4095
109 124 3145
109 126 576
109 128 4186
109 129 5546
109 131 632
110 112 5153
110 114 5421
110 115 6127
110 116 8054
110 117 7251
110 118 2677
110 121 2996
110 123 916
110 124 8203
110 125 1418
110 127 9398
110 132 8927
110 133 350
111 112 5890
111 114 6091
111 122 3115
111 123 7449
111 124 564
111 126 9400
111 128 5900
111 129 9232
111 132 4505
112 113 8994
112 114 9227
112 117 932
112 119 9268
112 121 3477
112 124 1104
112 125 64
112 127 949
112 128 3403
112 129 2306
112 130 1771
112 131 1875
112 132 8899
113 114 9555
113 115 8733
113 117 2169
113 118 6557
113 120 7079
113 121 3337
113 126 1213
113 128 3025
113 130 3041
113 131 2772
114 115 5678
114 117 2458
114 121 7903
114 122 9263
114 126 2283
114 127 3674
114 129 6790
114 130 7097
114 131 5236
114 132 7117
114 133 7012
115 119 9988
115 122 7570
115 123 2165
115 124 5488
115 126 4855
115 127 4372
115 130 7476
115 131 3873
115 132 6367
115 133 4699
116 117 7017
116 121 5830
116 122 589
116 123 4008
116 124 7655
116 125 2792
116 127 1
117 119 7701
117 121 2103
117 123 599
117 124 4115
117 125 6169
117 126 5376
117 127 1288
117 131 969
117 132 1326
117 133 9549
118 120 9535
118 121 2272
118 125 1893
118 128 3493
118 129 6267
118 133 5915
119 120 7602
119 121 4880
119 122 3940
119 127 3931
119 128 4510
119 129 6193
119 132 1277
120 121 4766
120 124 6532
120 126 2135
120 129 5140
120 130 6602
120 131 317
120 133 3231
121 124 3938
121 126 8078
121 127 9518
121 129 4607
121 131 5254
121 132 3867
121 133 70
122 123 6264
122 128 1487
122 129 1023
122 130 2292
122 131 919
122 132 1325
123 127 6370
123 129 7885
123 131 6377
124 126 1390
124 127 6883
124 128 757
124 130 7096
124 133 7368
125 129 8900
125 130 9689
125 133 9544
126 127 3716
126 129 8278
126 131 4693
127 129 280
127 130 8801
127 131 798
128 130 6577
128 131 2738
128 132 7654
128 133 697
129 132 625
130 132 4294
130 133 2739
131 132 9449
131 133 671
1
2
3
4
5
6
7
8
9
10
11
12
-1