126 3883
0 1 4145
0 2 6195
0 3 4730
0 4 7938
0 6 207
0 8 4909
0 10 2339
0 11 7136
0 12 5755
0 13 2428
0 14 1089
0 15 2840
0 16 180
0 18 3880
0 19 6107
0 20 128
0 22 5438
0 23 7613
0 25 7208
0 28 1950
0 31 7323
0 33 8579
0 37 3069
0 38 259
0 45 1590
0 47 3358
0 48 9103
0 50 1209
0 54 8586
0 55 4261
0 56 8481
0 57 2341
0 58 1720
0 60 3969
0 61 4894
0 62 8263
0 64 4429
0 65 5296
0 66 1425
0 74 4265
0 75 7195
0 76 9838
0 78 8174
0 80 2827
0 81 6422
0 82 8353
0 83 1778
0 84 3084
0 85 298
0 86 334
0 87 8303
0 88 6614
0 89 7906
0 90 94
0 91 3596
0 92 1135
0 93 4851
0 95 4101
0 97 5948
0 99 456
0 100 7626
0 102 8134
0 103 7583
0 107 9823
0 110 3420
0 111 4259
0 112 8239
0 114 9645
0 117 7817
0 121 4784
0 122 3264
1 3 8804
1 4 4202
1 5 4657
1 7 4028
1 12 7952
1 14 8683
1 18 170
1 21 4841
1 23 9706
1 24 7422
1 26 7967
1 27 9932
1 28 6373
1 30 4811
1 31 7926
1 32 7236
1 35 334
1 37 6344
1 38 6483
1 39 8600
1 45 1452
1 48 574
1 51 3956
1 52 2996
1 53 8318
1 55 1066
1 60 6022
1 62 6695
1 63 1347
1 65 1768
1 67 3323
1 68 2496
1 70 1030
1 73 6325
1 75 2010
1 76 4854
1 79 7653
1 81 6487
1 83 5010
1 84 941
1 86 8638
1 88 2592
1 89 6383
1 90 3090
1 93 3976
1 95 6127
1 96 8046
1 98 319
1 102 8450
1 104 6947
1 105 5077
1 108 2939
1 109 9420
1 111 4169
1 114 6894
1 116 1337
1 120 7675
1 123 6966
1 124 3647
2 3 457
2 4 5584
2 5 4293
2 6 1506
2 7 5726
2 9 7524
2 10 2682
2 11 4629
2 16 911
2 18 8072
2 19 1627
2 20 5714
2 21 1411
2 23 8846
2 24 8425
2 26 286
2 28 6496
2 30 3355
2 33 916
2 34 735
2 35 2345
2 36 6004
2 37 8278
2 38 8134
2 39 7150
2 41 2382
2 43 3523
2 46 6723
2 50 8965
2 51 7833
2 52 2799
2 53 5355
2 56 2232
2 57 2787
2 58 5246
2 59 1009
2 60 9093
2 61 7807
2 63 7672
2 65 7652
2 67 6832
2 68 2961
2 69 6817
2 72 6190
2 73 4635
2 76 8816
2 78 9964
2 79 7426
2 81 2348
2 85 6108
2 86 1538
2 89 7389
2 90 3593
2 91 8307
2 93 8541
2 95 2585
2 96 37
2 97 7491
2 98 5472
2 101 3629
2 102 6344
2 103 8754
2 104 7435
2 106 3256
2 110 616
2 111 6543
2 113 2123
2 114 8404
2 115 9414
2 116 8771
2 119 5987
2 120 5243
2 122 5199
2 123 948
3 8 5573
3 9 7366
3 11 972
3 16 6696
3 18 8683
3 19 3644
3 22 760
3 25 6110
3 26 5786
3 29 5151
3 31 1539
3 32 1901
3 33 3797
3 35 4529
3 38 7992
3 39 5508
3 45 5297
3 46 6088
3 49 6886
3 51 7143
3 52 7508
3 53 3502
3 54 4516
3 55 2787
3 59 7888
3 62 6221
3 67 2460
3 68 242
3 69 6292
3 70 1470
3 71 1244
3 76 8105
3 79 1220
3 80 9324
3 81 4471
3 84 1449
3 86 9322
3 87 4143
3 88 9403
3 91 4604
3 92 4490
3 94 9232
3 98 6707
3 99 8866
3 102 5787
3 103 2916
3 104 5172
3 105 3027
3 107 8686
3 108 2155
3 109 3058
3 112 4009
3 116 6782
3 118 8312
3 121 5852
3 123 8735
4 5 3041
4 6 9804
4 8 761
4 9 6378
4 11 5244
4 13 5577
4 19 3683
4 20 1241
4 24 1491
4 25 7891
4 26 1980
4 28 9452
4 31 7965
4 32 1530
4 33 5843
4 34 7216
4 35 3732
4 43 4780
4 47 4015
4 51 6524
4 52 8286
4 54 1379
4 56 3522
4 61 798
4 62 284
4 63 4706
4 65 3111
4 66 4062
4 67 3047
4 68 9771
4 69 1924
4 71 7709
4 77 1369
4 79 464
4 82 6618
4 85 3520
4 89 1144
4 90 5399
4 91 9206
4 96 1693
4 98 2015
4 100 9
4 103 6344
4 105 6127
4 107 9481
4 110 5188
4 111 3342
4 112 7016
4 115 2896
4 116 4756
4 118 7412
4 119 671
4 124 9922
4 125 2470
5 6 4085
5 8 7756
5 18 2791
5 19 1813
5 20 8238
5 23 9233
5 25 9649
5 27 207
5 29 2474
5 30 4968
5 31 1501
5 32 1282
5 33 7268
5 36 3785
5 37 9885
5 38 164
5 40 4349
5 41 6373
5 42 7145
5 43 6901
5 44 9947
5 45 6788
5 46 5694
5 47 2101
5 49 5020
5 50 3088
5 52 4995
5 53 5555
5 55 853
5 59 1695
5 60 9678
5 61 8065
5 62 4050
5 65 7521
5 68 4721
5 69 3708
5 71 1741
5 72 3923
5 74 1367
5 75 711
5 76 2359
5 78 8540
5 80 3070
5 85 31
5 86 2722
5 87 6768
5 88 3145
5 89 204
5 91 4376
5 92 9014
5 93 5594
5 95 6497
5 97 7231
5 99 1874
5 100 4536
5 101 9543
5 102 1433
5 105 8293
5 108 8744
5 109 1352
5 112 459
5 116 2756
5 119 8670
5 121 7192
5 122 899
5 123 6740
5 124 7167
6 7 5790
6 8 7753
6 10 3697
6 13 3069
6 14 417
6 15 9612
6 16 1796
6 18 8556
6 20 6093
6 25 9941
6 26 5908
6 27 222
6 29 8112
6 30 5071
6 31 6025
6 32 4142
6 33 3034
6 35 5068
6 36 2999
6 38 5703
6 41 8257
6 42 7504
6 44 2685
6 50 1686
6 51 1372
6 54 4301
6 55 998
6 62 3865
6 64 1131
6 66 1157
6 67 949
6 68 6169
6 69 7305
6 73 8736
6 75 5477
6 79 6387
6 80 8521
6 82 5962
6 86 9038
6 88 466
6 91 5879
6 92 2252
6 94 7932
6 95 5680
6 98 9019
6 99 7790
6 100 5009
6 102 5084
6 103 22
6 105 4580
6 106 5223
6 108 2220
6 109 4700
6 111 1548
6 113 7932
6 114 496
6 116 6409
6 117 7173
6 118 5342
6 119 7167
6 120 9142
6 122 3831
6 123 3432
6 124 3093
7 10 6520
7 11 8641
7 12 4754
7 16 9807
7 19 3226
7 22 5620
7 24 8791
7 26 3164
7 28 5373
7 31 4826
7 33 8163
7 34 75
7 35 9119
7 36 2386
7 37 6190
7 40 5487
7 42 2146
7 43 636
7 44 1484
7 45 7401
7 46 7516
7 47 7157
7 50 7094
7 51 3211
7 52 5981
7 55 5476
7 56 7502
7 57 3570
7 59 5695
7 62 2096
7 63 4065
7 64 9061
7 65 2131
7 66 7000
7 67 6197
7 68 6
7 74 4016
7 75 9879
7 76 9946
7 78 8363
7 80 1741
7 82 1639
7 84 7233
7 85 2106
7 87 8239
7 90 4841
7 94 6861
7 96 2640
7 98 6993
7 99 4382
7 100 6034
7 104 4573
7 105 3
7 106 4264
7 108 7954
7 112 5905
7 116 79
7 117 5805
7 120 6531
7 121 6147
7 122 9094
7 124 6042
7 125 5750
8 12 3128
8 14 4700
8 16 4076
8 17 9185
8 18 5737
8 19 1801
8 23 1864
8 24 544
8 25 1322
8 26 9378
8 27 3090
8 28 1137
8 30 6056
8 31 3221
8 32 7984
8 34 9825
8 37 5291
8 44 3286
8 46 5568
8 47 4394
8 48 8996
8 52 1751
8 57 4783
8 58 1799
8 59 9409
8 62 7816
8 68 4700
8 69 7602
8 71 3982
8 72 8953
8 74 7699
8 75 5330
8 76 7086
8 77 34
8 78 2572
8 79 3213
8 80 6157
8 81 5224
8 82 2207
8 83 2791
8 84 8881
8 85 8618
8 90 9287
8 91 2296
8 92 9552
8 94 7966
8 97 4800
8 98 5849
8 101 1155
8 102 4185
8 103 4490
8 105 8232
8 107 2510
8 108 9950
8 110 2045
8 111 8002
8 113 6088
8 115 8
8 116 2258
8 118 9022
8 123 5929
9 11 1728
9 12 2997
9 13 9433
9 15 5333
9 16 3539
9 18 8014
9 22 2779
9 27 8864
9 35 7246
9 37 5672
9 39 4151
9 41 6963
9 44 8939
9 45 496
9 46 8660
9 47 7812
9 52 1194
9 59 6716
9 60 2121
9 61 5787
9 63 239
9 64 3187
9 66 3849
9 67 3134
9 69 9692
9 73 3598
9 78 7726
9 80 5878
9 82 1223
9 84 7981
9 87 8477
9 89 1481
9 93 8118
9 94 2186
9 96 3127
9 97 49
9 100 6031
9 102 7984
9 105 3207
9 107 9460
9 109 1637
9 110 7064
9 111 9117
9 115 8776
9 116 2007
9 117 2050
9 118 7653
9 119 3930
9 123 7512
9 125 1869
10 12 8569
10 13 9422
10 14 3504
10 15 3017
10 17 2161
10 21 7947
10 23 2224
10 25 3322
10 31 1501
10 32 2636
10 33 1949
10 35 9568
10 36 2479
10 42 8552
10 43 1639
10 44 9244
10 45 2032
10 50 604
10 51 2241
10 52 2382
10 53 6815
10 56 8690
10 58 2743
10 63 154
10 66 172
10 67 8043
10 68 9056
10 72 7875
10 73 961
10 74 9258
10 75 7774
10 76 1471
10 81 6741
10 83 1624
10 84 3415
10 86 6997
10 93 5757
10 94 1611
10 95 6076
10 98 3380
10 100 9932
10 101 9009
10 107 3478
10 108 7373
10 111 5808
10 112 982
10 113 22
10 114 5498
10 116 6130
10 118 4431
11 12 7723
11 18 7954
11 20 9661
11 22 6906
11 23 5755
11 24 2464
11 27 9216
11 30 4843
11 31 1310
11 36 4988
11 37 7651
11 38 7963
11 39 525
11 40 1771
11 45 7619
11 51 5519
11 52 3372
11 53 5147
11 54 7068
11 58 4412
11 61 3473
11 62 3766
11 63 9634
11 65 9566
11 66 3514
11 68 345
11 69 3715
11 71 4249
11 72 1091
11 73 8394
11 75 1292
11 78 8406
11 81 4425
11 83 3857
11 85 2873
11 88 2915
11 94 4126
11 95 9923
11 98 9909
11 99 4091
11 100 1208
11 107 2253
11 109 9763
11 110 8216
11 111 3367
11 112 5685
11 113 9430
11 114 1275
11 116 7581
11 117 5415
11 120 6325
11 121 3204
11 124 5496
12 14 7218
12 16 6606
12 19 9060
12 21 9507
12 25 5093
12 26 9692
12 29 1746
12 30 4990
12 31 17
12 32 8770
12 33 1878
12 34 3659
12 38 9324
12 41 8206
12 43 9694
12 44 9944
12 48 6392
12 49 2300
12 50 7627
12 52 5245
12 53 3000
12 55 3921
12 58 3543
12 59 9931
12 60 3761
12 61 8503
12 63 8423
12 64 5148
12 65 9029
12 66 4712
12 68 224
12 70 1160
12 72 1648
12 73 1255
12 74 3257
12 78 2554
12 79 7354
12 82 7863
12 83 3707
12 85 5612
12 86 112
12 87 7766
12 88 3073
12 90 6185
12 91 652
12 92 9118
12 94 8212
12 96 9413
12 97 5839
12 98 7508
12 100 5734
12 101 3079
12 102 735
12 103 8717
12 104 9491
12 111 6239
12 112 5863
12 114 3304
12 115 7457
12 116 3204
12 117 2786
12 118 2593
12 119 932
12 120 5660
12 123 885
13 14 8717
13 16 5413
13 19 3955
13 21 9111
13 22 6648
13 23 3275
13 25 7622
13 27 1474
13 30 8135
13 31 5813
13 34 899
13 36 429
13 39 1444
13 41 8819
13 42 8479
13 43 2004
13 45 8479
13 46 5470
13 48 8576
13 49 8238
13 51 1799
13 52 6505
13 54 2832
13 55 9164
13 56 9241
13 58 3155
13 59 9845
13 60 4360
13 61 6488
13 62 7330
13 64 2028
13 66 7804
13 72 8710
13 76 6984
13 80 7419
13 82 9219
13 84 4434
13 85 6088
13 86 3308
13 87 546
13 88 1647
13 90 9625
13 92 8364
13 95 8037
13 97 4875
13 100 5616
13 103 763
13 104 8860
13 106 9689
13 111 6637
13 113 4152
13 114 580
13 119 2799
13 120 3673
13 121 9767
14 15 5573
14 16 7405
14 17 7274
14 18 7226
14 19 2923
14 20 8265
14 21 9708
14 22 5183
14 24 3268
14 26 3841
14 29 601
14 31 567
14 33 1674
14 37 5727
14 38 9971
14 40 7619
14 42 1246
14 43 9417
14 44 4995
14 46 1354
14 47 5982
14 50 811
14 60 3603
14 62 4144
14 66 3650
14 67 7068
14 68 854
14 72 8338
14 73 7701
14 74 5375
14 75 7148
14 77 8132
14 78 2935
14 81 981
14 82 6972
14 83 6399
14 84 8883
14 85 9506
14 86 1949
14 87 1954
14 88 338
14 90 6987
14 91 4795
14 92 859
14 93 3832
14 94 1081
14 95 9874
14 96 5244
14 99 7102
14 101 1794
14 103 144
14 105 4241
14 108 5701
14 109 5217
14 110 5438
14 113 2838
14 114 5827
14 115 1164
14 116 8741
14 119 169
14 120 5144
14 121 4485
14 122 5823
14 124 3246
14 125 616
15 16 1675
15 18 7630
15 21 4318
15 22 1710
15 25 259
15 26 2069
15 28 876
15 29 5494
15 32 2588
15 33 961
15 35 9681
15 37 3009
15 40 5374
15 41 2416
15 43 1117
15 44 3374
15 46 9535
15 47 1036
15 49 3147
15 51 1412
15 56 825
15 60 5045
15 61 5736
15 62 9321
15 64 4831
15 65 4818
15 66 970
15 67 3873
15 69 7727
15 70 3989
15 71 2116
15 73 9083
15 74 4104
15 77 2819
15 80 4855
15 81 7021
15 82 6569
15 83 5744
15 84 2342
15 85 3192
15 87 5837
15 88 9391
15 92 8682
15 93 9591
15 97 685
15 99 1449
15 100 5110
15 101 6223
15 102 5818
15 103 5066
15 105 1749
15 106 5148
15 109 1364
15 110 8700
15 111 2885
15 112 4969
15 114 976
15 115 5598
15 116 4778
15 117 7991
15 118 3105
15 119 814
15 122 4275
16 17 9236
16 19 4188
16 21 8536
16 23 8469
16 26 8914
16 27 4231
16 30 3013
16 34 9403
16 35 8368
16 38 9949
16 39 6159
16 40 9149
16 42 1352
16 44 2745
16 45 2244
16 47 5199
16 49 5520
16 50 9374
16 51 9686
16 52 2082
16 56 5760
16 59 7393
16 61 1106
16 63 6568
16 68 8952
16 70 5792
16 71 5133
16 72 6833
16 74 8495
16 78 4316
16 80 8006
16 83 4168
16 85 7123
16 89 5300
16 91 9482
16 92 6256
16 93 9958
16 94 6013
16 95 6103
16 96 9098
16 97 3040
16 101 1366
16 104 1869
16 105 145
16 110 9988
16 116 326
16 118 1992
16 125 5711
17 20 8078
17 22 2970
17 25 1270
17 27 7749
17 28 4970
17 30 2585
17 32 4851
17 34 3030
17 36 7593
17 42 8079
17 44 9241
17 46 816
17 48 5477
17 50 8525
17 54 446
17 55 9493
17 56 5610
17 57 5939
17 58 5212
17 60 136
17 63 3004
17 64 5362
17 66 7251
17 72 3665
17 73 141
17 74 4987
17 80 1068
17 81 3748
17 82 6696
17 83 6897
17 84 8447
17 86 4320
17 87 8716
17 88 1432
17 90 7261
17 92 6476
17 97 3198
17 101 6260
17 102 9764
17 105 5210
17 107 389
17 108 1366
17 109 7457
17 110 429
17 112 1173
17 114 5539
17 121 7923
17 122 7760
17 123 7333
18 19 7738
18 21 4423
18 22 2094
18 23 3615
18 25 9271
18 26 5247
18 29 4616
18 31 5352
18 33 3276
18 37 9412
18 38 4563
18 40 4755
18 42 2168
18 44 1467
18 45 8283
18 46 4428
18 47 4295
18 48 6758
18 49 4217
18 52 4393
18 54 6344
18 58 1257
18 59 7080
18 60 5470
18 61 8997
18 63 265
18 66 2926
18 67 5067
18 68 8435
18 70 4011
18 71 6787
18 75 1329
18 77 9348
18 82 778
18 84 358
18 85 892
18 87 7080
18 89 4879
18 91 4367
18 94 9956
18 95 2892
18 99 4445
18 100 3641
18 102 1731
18 105 2727
18 107 2545
18 108 1496
18 112 4383
18 115 6200
18 116 3560
18 117 7775
18 118 5396
18 120 1060
18 122 5295
18 123 3780
19 21 6730
19 22 8639
19 25 3975
19 26 7702
19 27 4266
19 30 9666
19 31 2934
19 32 1049
19 33 2618
19 34 8292
19 37 9977
19 38 9960
19 41 8372
19 42 6289
19 44 2813
19 45 1378
19 47 1891
19 48 77
19 49 2646
19 50 2411
19 52 2859
19 56 8480
19 60 8298
19 62 552
19 63 4710
19 64 883
19 65 5438
19 66 2766
19 70 6582
19 75 3819
19 78 8327
19 82 2125
19 84 4973
19 85 121
19 86 2190
19 89 7928
19 90 635
19 91 9164
19 93 3509
19 94 6626
19 95 8426
19 96 6591
19 98 7645
19 99 2655
19 104 1216
19 106 7643
19 107 4961
19 108 8169
19 109 8797
19 110 6767
19 111 3616
19 112 5593
19 113 4796
19 114 313
19 116 3260
19 118 82
19 121 5663
20 21 2299
20 24 184
20 25 381
20 28 3032
20 33 2368
20 35 1350
20 38 4341
20 41 8116
20 42 9138
20 45 9371
20 48 3189
20 50 7895
20 52 3142
20 54 5214
20 55 8400
20 56 5952
20 57 2330
20 58 4065
20 59 9585
20 60 9087
20 61 2591
20 62 3528
20 63 5650
20 65 7450
20 66 2286
20 70 2446
20 72 7730
20 73 7371
20 74 3175
20 77 7990
20 78 1264
20 79 3767
20 81 3299
20 84 1513
20 85 3624
20 88 1036
20 90 6924
20 91 9344
20 92 6792
20 94 2022
20 95 8680
20 98 1379
20 99 6998
20 100 1854
20 101 1620
20 102 101
20 103 2909
20 111 2016
20 112 3334
20 116 8047
20 117 5294
20 119 3910
20 125 6598
21 22 1295
21 23 6075
21 27 7050
21 28 4305
21 29 8486
21 31 7988
21 34 7775
21 38 1360
21 39 7378
21 40 7142
21 41 5069
21 44 3384
21 46 8895
21 48 1686
21 49 3768
21 51 6394
21 52 574
21 53 4392
21 54 2588
21 55 8886
21 57 7762
21 58 9178
21 59 4985
21 60 8956
21 61 7053
21 63 6229
21 65 2258
21 66 3793
21 69 3540
21 70 4898
21 72 3055
21 73 7728
21 75 2891
21 76 8349
21 78 5127
21 84 5423
21 85 5432
21 88 7445
21 90 1639
21 93 8576
21 95 7004
21 96 1756
21 97 2166
21 99 2427
21 100 9505
21 101 7794
21 105 9151
21 106 8877
21 107 4734
21 108 7777
21 110 5426
21 117 1531
21 119 2080
21 120 280
21 123 3829
21 124 3496
22 24 7583
22 28 5691
22 29 6484
22 30 1095
22 32 5194
22 34 2948
22 35 4143
22 37 4759
22 39 885
22 41 1186
22 42 8075
22 43 2641
22 45 5177
22 46 8472
22 47 3347
22 48 6376
22 50 7452
22 52 4627
22 55 5609
22 57 1497
22 59 6882
22 63 8920
22 64 4761
22 65 1025
22 66 8462
22 68 9184
22 71 9487
22 72 5888
22 74 1852
22 75 4842
22 77 1302
22 78 6055
22 79 6109
22 80 7195
22 81 5207
22 86 681
22 87 9025
22 95 7571
22 100 1316
22 101 3437
22 102 7720
22 104 2923
22 107 6259
22 108 3565
22 110 9464
22 111 7640
22 112 3132
22 114 5803
22 115 9710
22 116 6763
22 119 682
22 121 1846
22 122 9038
22 124 3971
23 25 5253
23 29 1718
23 30 7580
23 32 9686
23 33 3669
23 34 9583
23 35 7943
23 36 6214
23 38 6436
23 43 9700
23 44 9968
23 47 4338
23 48 7009
23 49 8950
23 51 1662
23 52 3172
23 53 9886
23 54 5385
23 55 6468
23 56 8562
23 57 8409
23 60 9494
23 62 8450
23 64 6767
23 65 2631
23 68 7097
23 69 1687
23 74 6668
23 75 6400
23 77 6050
23 78 8562
23 81 9016
23 83 5688
23 84 4745
23 85 827
23 87 6007
23 90 3325
23 92 1631
23 94 6078
23 96 6022
23 100 9676
23 101 6663
23 103 4602
23 105 9936
23 107 2769
23 108 6458
23 109 624
23 111 7378
23 114 8342
23 116 1199
23 118 980
23 120 6581
23 123 9895
23 125 6458
24 25 4398
24 26 9340
24 28 7179
24 30 1382
24 31 1105
24 33 7259
24 34 2517
24 35 8214
24 38 4448
24 40 6706
24 42 1221
24 44 3010
24 45 5200
24 46 1928
24 47 2479
24 48 8556
24 52 3583
24 53 6807
24 54 4260
24 56 6050
24 57 4315
24 58 9493
24 59 461
24 60 9152
24 62 5906
24 63 2242
24 64 1720
24 65 609
24 67 3500
24 69 8482
24 71 5611
24 73 3760
24 74 3343
24 76 6089
24 78 1332
24 79 3694
24 83 5839
24 85 7237
24 87 4318
24 89 6844
24 91 9754
24 93 6362
24 95 5295
24 96 497
24 100 3098
24 103 87
24 104 1827
24 108 2934
24 109 1651
24 111 4648
24 113 4920
24 114 5104
24 117 3080
24 120 8128
24 121 7585
24 122 276
24 124 35
24 125 7245
25 27 5327
25 30 9462
25 32 7884
25 36 9783
25 39 3765
25 43 2175
25 44 9877
25 45 7350
25 46 5137
25 47 8901
25 50 3616
25 52 3487
25 55 6277
25 57 1049
25 60 3038
25 64 103
25 65 778
25 67 731
25 70 4635
25 74 688
25 75 9352
25 76 8414
25 77 7511
25 84 5438
25 85 8330
25 86 6548
25 88 4199
25 89 4824
25 91 9891
25 92 9380
25 97 5102
25 98 4245
25 100 5662
25 103 9877
25 104 660
25 105 2711
25 107 6084
25 108 7850
25 109 2261
25 110 4127
25 112 2712
25 113 4025
25 115 9546
25 116 154
25 118 7044
25 120 841
25 122 7529
25 123 3436
26 29 825
26 39 8032
26 41 600
26 43 8039
26 44 6725
26 45 7051
26 46 5059
26 48 9956
26 50 3968
26 51 564
26 54 2843
26 55 7316
26 56 4361
26 59 2914
26 60 9136
26 66 5725
26 68 9980
26 70 1587
26 71 4533
26 72 2535
26 73 3816
26 75 5479
26 76 7177
26 77 5227
26 79 9896
26 82 8640
26 84 2316
26 85 5583
26 87 7770
26 88 4983
26 89 4874
26 90 7592
26 91 7289
26 93 7900
26 94 3473
26 95 9731
26 97 1521
26 100 3891
26 104 6873
26 105 9866
26 107 3121
26 110 3749
26 112 8098
26 113 2100
26 114 3116
26 115 764
26 117 9826
26 118 9832
26 122 4897
27 31 8143
27 33 6060
27 35 4958
27 37 9673
27 39 4338
27 40 3685
27 41 7743
27 43 4635
27 44 1864
27 46 4854
27 49 2407
27 50 4708
27 51 7150
27 52 4919
27 54 3363
27 55 639
27 57 4596
27 61 9099
27 62 3097
27 63 7323
27 64 3865
27 66 2491
27 68 9678
27 69 9211
27 70 5833
27 73 151
27 77 6645
27 78 6142
27 79 5221
27 82 8997
27 84 2170
27 87 4898
27 92 9825
27 93 9469
27 95 5606
27 96 5870
27 98 8475
27 99 6770
27 100 4284
27 103 8944
27 105 2563
27 106 7218
27 108 8098
27 110 4101
27 112 4230
27 117 1942
27 118 1867
27 122 6805
27 123 5126
27 124 2333
28 30 9002
28 35 6575
28 41 1490
28 43 1546
28 46 5135
28 49 4392
28 51 1599
28 53 6619
28 56 1356
28 59 5745
28 60 103
28 63 9712
28 64 7704
28 65 7690
28 66 9548
28 67 6656
28 69 9960
28 75 725
28 80 8577
28 82 5523
28 86 2642
28 87 7398
28 88 7430
28 89 2518
28 91 1530
28 92 9451
28 93 742
28 94 7584
28 102 4851
28 103 4445
28 104 4805
28 106 9926
28 107 8854
28 108 5515
28 114 778
28 118 7848
28 120 2134
28 125 9351
29 32 9245
29 33 5718
29 34 2693
29 38 2136
29 41 4466
29 42 6240
29 43 5884
29 44 4120
29 45 4305
29 46 8666
29 47 3148
29 53 3915
29 55 6570
29 56 5609
29 57 2914
29 59 468
29 60 7184
29 61 50
29 63 4296
29 66 4916
29 67 9841
29 68 1213
29 70 5523
29 71 3399
29 74 1214
29 78 6370
29 82 7596
29 83 5850
29 84 3708
29 85 6066
29 86 6587
29 87 4560
29 92 2119
29 93 6660
29 95 2235
29 97 395
29 98 9851
29 102 9005
29 105 4307
29 107 7631
29 109 1565
29 111 9721
29 114 1551
29 115 565
29 117 8886
29 120 7967
29 121 952
29 122 3758
29 124 5162
29 125 3203
30 31 5068
30 32 5711
30 33 9950
30 35 5785
30 36 5668
30 37 3823
30 38 6555
30 42 4682
30 44 206
30 45 6737
30 47 6316
30 52 3042
30 57 52
30 58 7324
30 59 1904
30 60 717
30 62 4518
30 63 7381
30 64 2353
30 65 3445
30 68 2636
30 69 9506
30 70 8354
30 71 8066
30 74 2819
30 75 3617
30 76 389
30 81 7872
30 84 2325
30 85 7135
30 88 5059
30 89 7583
30 90 6028
30 91 1889
30 92 3293
30 94 876
30 95 4949
30 96 2121
30 97 2044
30 99 5852
30 100 9729
30 105 411
30 106 8607
30 108 8108
30 110 6052
30 112 847
30 113 6254
30 114 2108
30 115 9363
30 116 9558
30 120 7945
30 121 7866
30 124 2465
31 32 8492
31 33 9626
31 37 6555
31 39 9900
31 41 9596
31 42 5320
31 44 4487
31 48 6090
31 51 1757
31 52 9293
31 54 8520
31 58 2744
31 59 5817
31 60 4164
31 61 491
31 62 4738
31 63 3900
31 67 8415
31 68 4720
31 70 2457
31 71 2577
31 76 1033
31 77 9264
31 80 6558
31 81 3299
31 82 4284
31 83 4607
31 84 7092
31 85 6279
31 86 7233
31 89 6086
31 96 8304
31 98 1273
31 101 6115
31 107 5539
31 110 840
31 111 115
31 115 7016
31 116 3047
31 117 8924
31 118 799
31 119 2044
31 121 6031
31 122 9948
31 125 3481
32 33 9343
32 34 1881
32 37 4868
32 40 2103
32 41 5435
32 43 3898
32 44 4689
32 45 7846
32 47 2995
32 49 5371
32 52 7169
32 53 1416
32 55 4322
32 57 1373
32 60 3636
32 64 1716
32 65 7899
32 66 6463
32 67 2849
32 68 5673
32 70 6865
32 72 4685
32 76 1133
32 77 6981
32 79 5796
32 82 6585
32 84 8039
32 86 5110
32 88 2897
32 94 5160
32 97 2459
32 99 1220
32 103 3028
32 105 9159
32 106 458
32 107 5828
32 109 459
32 113 3026
32 116 7298
32 118 2662
32 123 6348
32 125 1086
33 34 2399
33 36 8545
33 39 964
33 40 9459
33 41 2873
33 42 5532
33 43 5744
33 45 9966
33 46 8190
33 47 3689
33 48 3062
33 52 5884
33 53 3873
33 55 1638
33 57 9896
33 59 875
33 61 4748
33 62 7518
33 63 7788
33 64 244
33 65 824
33 66 1003
33 67 4453
33 69 9314
33 70 6407
33 71 3391
33 73 8088
33 74 7180
33 78 1452
33 79 3570
33 81 5896
33 82 741
33 83 6202
33 84 9662
33 90 3374
33 92 2196
33 93 5044
33 97 5610
33 105 8453
33 106 864
33 109 4637
33 112 3534
33 116 9206
33 121 4168
33 125 4836
34 40 6270
34 42 4727
34 45 1103
34 49 9639
34 50 9082
34 54 148
34 56 6447
34 58 5622
34 59 7619
34 61 8666
34 63 4920
34 66 4153
34 69 4359
34 71 166
34 74 5792
34 75 813
34 80 3376
34 82 2011
34 84 1236
34 85 7286
34 86 5873
34 87 7245
34 89 7647
34 93 4998
34 94 5114
34 97 9120
34 99 6509
34 100 763
34 104 368
34 107 7802
34 111 3272
34 113 912
34 114 4042
34 115 835
34 117 640
34 119 9308
34 120 548
34 122 5581
34 124 9303
35 36 280
35 38 4271
35 39 5653
35 40 6756
35 43 840
35 44 3440
35 45 8034
35 46 8401
35 49 1047
35 50 1196
35 52 3743
35 60 4485
35 62 8178
35 67 148
35 69 2911
35 70 2824
35 71 4027
35 72 5307
35 77 584
35 78 4951
35 79 5343
35 82 602
35 83 9445
35 85 1533
35 90 2905
35 91 1716
35 92 9569
35 93 5974
35 98 6664
35 99 4707
35 100 2077
35 101 3952
35 110 4080
35 111 9568
35 112 294
35 114 2004
35 115 718
35 117 124
35 118 4391
35 119 3026
35 120 3645
35 125 27
36 37 2433
36 39 1627
36 40 4580
36 42 8634
36 43 426
36 44 7137
36 45 2924
36 49 6502
36 50 6868
36 53 7549
36 54 8310
36 57 157
36 59 2121
36 61 3770
36 62 9299
36 63 9599
36 64 5154
36 68 7779
36 69 8464
36 70 2741
36 73 3037
36 75 8249
36 76 7473
36 78 605
36 79 463
36 80 7058
36 82 2829
36 83 7323
36 84 435
36 86 1179
36 87 321
36 89 4321
36 90 127
36 92 1701
36 94 4038
36 95 5207
36 97 3914
36 98 3655
36 100 9907
36 101 0
36 102 1614
36 106 4741
36 108 7526
36 111 7505
36 113 4808
36 114 9340
36 115 998
36 118 7168
36 120 5016
36 123 1358
36 125 7864
37 38 8282
37 40 2449
37 41 4693
37 42 2787
37 47 6219
37 49 2625
37 51 433
37 54 9352
37 56 9830
37 62 1705
37 64 2007
37 66 1839
37 68 683
37 69 3756
37 73 2948
37 76 3529
37 78 9579
37 79 2643
37 86 4902
37 87 3141
37 88 2165
37 89 8449
37 91 9790
37 92 85
37 93 4024
37 94 3378
37 97 105
37 100 6669
37 103 6910
37 105 3577
37 106 905
37 108 3487
37 109 3256
37 110 5114
37 112 7891
37 114 992
37 115 3558
37 117 140
37 123 3235
37 124 6179
38 40 9639
38 44 2127
38 45 4968
38 47 5661
38 49 7158
38 50 7199
38 56 7673
38 59 1694
38 61 7241
38 65 8345
38 66 9281
38 67 9285
38 69 1006
38 72 8870
38 73 3996
38 74 7818
38 76 6944
38 77 9568
38 78 1992
38 83 3774
38 84 5402
38 86 3267
38 87 951
38 88 9465
38 90 56
38 93 7229
38 95 6656
38 98 5555
38 101 1321
38 102 1826
38 103 1511
38 108 6629
38 109 3732
38 111 5838
38 112 9641
38 115 1941
38 117 2103
38 118 1682
38 121 6795
38 122 6923
39 42 6117
39 43 1166
39 46 1625
39 53 1305
39 56 6128
39 57 6756
39 58 1605
39 59 6818
39 63 3499
39 66 2659
39 68 2908
39 70 943
39 71 4064
39 72 6440
39 83 5579
39 86 2613
39 87 5001
39 88 3633
39 89 4752
39 91 6478
39 98 4369
39 100 8517
39 101 9449
39 105 8070
39 106 7383
39 110 3211
39 111 9788
39 115 6015
39 118 7555
39 119 4461
39 121 637
40 42 6883
40 43 8391
40 44 9244
40 46 6938
40 48 3987
40 49 9250
40 51 9087
40 52 7590
40 60 4775
40 63 1261
40 64 942
40 65 7938
40 69 2603
40 71 2307
40 73 4650
40 74 7182
40 75 2267
40 76 7569
40 82 4191
40 84 7639
40 85 4949
40 86 7389
40 87 5265
40 89 9788
40 90 9835
40 93 2930
40 98 9932
40 99 7943
40 102 7060
40 103 6289
40 106 6492
40 108 3637
40 109 3064
40 111 3110
40 112 2505
40 113 4294
40 114 7402
40 118 747
40 122 7861
40 123 8756
40 125 5641
41 42 9066
41 48 6538
41 49 2053
41 51 6446
41 53 3897
41 54 7293
41 55 4139
41 57 6034
41 59 7135
41 60 6524
41 61 7461
41 66 5717
41 67 6213
41 70 6895
41 72 9250
41 73 4261
41 74 9697
41 76 7965
41 79 1851
41 85 7906
41 87 8393
41 89 3564
41 91 527
41 92 9367
41 93 4250
41 94 5632
41 97 2796
41 100 4520
41 101 302
41 102 3195
41 107 9162
41 120 7186
41 125 9061
42 43 5662
42 44 9390
42 45 2094
42 49 2711
42 50 2301
42 51 2014
42 55 654
42 56 7398
42 58 4960
42 60 7034
42 61 3475
42 65 3292
42 67 4517
42 68 9573
42 71 3904
42 72 2639
42 74 2516
42 76 6045
42 77 9944
42 78 3239
42 80 6264
42 82 9025
42 84 5010
42 88 2912
42 92 5033
42 93 918
42 96 3671
42 102 7576
42 104 2402
42 106 2308
42 108 6561
42 110 2283
42 111 7361
42 113 4385
42 115 8113
42 118 1979
42 119 4403
42 121 3055
42 122 8017
42 125 4996
43 46 6016
43 47 3219
43 49 3788
43 50 6117
43 52 7620
43 53 3025
43 57 2374
43 61 30
43 63 8349
43 64 7721
43 65 5971
43 67 1355
43 68 1562
43 70 77
43 72 3267
43 73 9904
43 74 2747
43 77 8365
43 82 8236
43 84 8589
43 85 7378
43 88 5908
43 89 7638
43 90 5290
43 93 5939
43 95 5924
43 97 9689
43 99 1875
43 104 6554
43 108 2847
43 109 2021
43 110 7182
43 111 5369
43 116 3359
43 119 6828
43 122 3183
43 123 3891
43 125 5912
44 46 7823
44 48 7275
44 51 3747
44 52 1054
44 53 2361
44 54 5770
44 55 8268
44 57 9496
44 62 8400
44 63 617
44 64 9422
44 65 1817
44 66 6407
44 67 8651
44 71 825
44 72 8953
44 74 6141
44 75 402
44 77 3865
44 82 6646
44 83 5648
44 84 1720
44 86 6331
44 87 433
44 88 1435
44 90 3400
44 91 4168
44 93 5729
44 94 165
44 96 3564
44 100 4713
44 101 8955
44 105 7853
44 108 8343
44 113 8059
44 115 4258
44 116 1521
44 117 531
44 118 9648
44 121 4847
44 122 3543
44 123 9751
44 125 6889
45 48 4703
45 49 3153
45 50 9773
45 52 7547
45 54 3446
45 55 1066
45 56 8134
45 60 6438
45 63 3455
45 64 3746
45 65 2009
45 66 262
45 67 91
45 68 6288
45 71 4290
45 77 9909
45 78 1341
45 79 4653
45 82 6228
45 83 8818
45 87 1197
45 96 920
45 100 3473
45 102 4441
45 105 9910
45 107 2915
45 109 7626
45 111 7563
45 113 2388
45 114 5703
45 116 7650
45 117 6814
45 119 3680
45 120 7852
45 122 4047
45 123 6270
45 125 8598
46 50 9320
46 52 1169
46 54 4252
46 56 7578
46 60 5971
46 61 6341
46 62 7508
46 65 8565
46 67 7022
46 68 7426
46 74 37
46 75 7045
46 76 6915
46 77 118
46 79 8321
46 81 351
46 91 6388
46 92 9892
46 93 1717
46 94 6075
46 99 5029
46 100 6972
46 102 1628
46 104 3193
46 106 6691
46 108 1222
46 110 5625
46 111 9383
46 112 3197
46 114 1516
46 115 8242
46 116 8466
46 117 7512
46 118 1634
46 122 6103
46 123 9144
47 52 1680
47 53 7364
47 54 469
47 55 1931
47 56 6957
47 57 5205
47 62 8648
47 64 1176
47 66 4879
47 68 780
47 69 1757
47 71 751
47 72 4769
47 74 5095
47 75 3838
47 76 8542
47 77 941
47 78 540
47 80 2755
47 82 8295
47 84 4988
47 89 5739
47 92 8976
47 93 9216
47 97 8949
47 99 792
47 100 3160
47 102 4908
47 104 6055
47 105 6179
47 107 3034
47 108 312
47 109 3691
47 111 7954
47 113 9610
47 115 7930
47 119 2680
47 120 152
47 121 8259
47 123 1442
47 125 6359
48 51 158
48 53 2883
48 54 6305
48 55 5269
48 57 4249
48 64 4559
48 66 4652
48 67 8316
48 69 4982
48 70 9936
48 71 2596
48 74 8650
48 76 4011
48 77 7413
48 80 8535
48 84 4075
48 85 3784
48 87 904
48 88 4753
48 90 7152
48 91 1545
48 93 5759
48 97 1794
48 101 3672
48 102 7789
48 103 2725
48 104 5736
48 106 9115
48 107 1318
48 109 4447
48 114 2670
48 115 3416
48 116 8927
48 119 752
48 123 9856
49 51 255
49 52 3899
49 59 702
49 60 2448
49 61 3925
49 63 6035
49 65 2660
49 66 9822
49 67 114
49 71 6894
49 72 2705
49 73 7789
49 74 1658
49 75 2866
49 77 1987
49 78 5090
49 79 2768
49 82 4175
49 85 2564
49 86 9892
49 87 6219
49 88 7672
49 90 3776
49 95 9455
49 96 1684
49 99 4810
49 103 8225
49 106 5819
49 108 6322
49 109 7357
49 110 5361
49 113 6505
49 115 7851
49 121 7990
49 125 5346
50 51 6756
50 53 7477
50 54 2370
50 55 172
50 56 9486
50 57 3199
50 59 7506
50 60 9112
50 62 5064
50 63 7306
50 64 9356
50 66 5090
50 68 8779
50 69 3602
50 70 9603
50 75 4038
50 78 2160
50 79 6355
50 81 9082
50 85 6838
50 87 2989
50 89 5555
50 90 983
50 91 865
50 95 823
50 98 3068
50 99 8147
50 101 4720
50 102 4095
50 103 2687
50 104 7092
50 108 8064
50 110 6434
50 111 503
50 112 4385
50 114 4262
50 115 9319
50 118 2266
50 119 5733
50 121 2585
50 124 2884
50 125 2939
51 56 3774
51 57 4424
51 61 1205
51 62 2579
51 63 7593
51 67 436
51 70 2445
51 73 7491
51 75 5398
51 76 6275
51 77 1357
51 78 4122
51 81 6763
51 84 9190
51 86 7929
51 88 7139
51 91 9251
51 94 4222
51 96 4928
51 97 12
51 98 5417
51 104 6760
51 106 2703
51 108 7270
51 109 5524
51 112 2588
51 119 4028
51 121 6006
52 54 7769
52 56 1210
52 58 2078
52 66 2734
52 67 4939
52 72 7247
52 73 1979
52 76 5210
52 77 2397
52 78 162
52 80 9663
52 82 7185
52 84 6649
52 89 9063
52 90 7938
52 91 1376
52 92 908
52 95 8428
52 96 791
52 97 2618
52 100 2972
52 105 4972
52 106 8259
52 108 5382
52 109 2241
52 113 5519
52 115 8374
52 120 4305
52 121 7016
52 123 9797
52 124 1394
52 125 7974
53 54 198
53 55 2928
53 57 4749
53 61 8163
53 63 8719
53 66 4763
53 67 487
53 71 9865
53 77 6271
53 78 6722
53 79 1960
53 80 196
53 85 6038
53 88 1367
53 93 1565
53 94 1834
53 96 7109
53 97 16
53 98 1094
53 103 225
53 104 4152
53 107 3747
53 110 5680
53 111 489
53 112 1486
53 113 5587
53 116 7963
53 121 8092
53 123 8772
53 124 9630
54 62 2861
54 63 2643
54 64 1845
54 65 8479
54 67 6256
54 70 1989
54 71 961
54 73 9268
54 74 7379
54 80 2433
54 81 7121
54 82 4638
54 85 979
54 87 6914
54 88 258
54 90 5029
54 91 354
54 92 1600
54 93 1005
54 94 9092
54 95 6131
54 96 283
54 97 2297
54 98 8764
54 104 3734
54 107 5185
54 109 1796
54 111 1592
54 113 6440
54 114 8979
54 116 4467
54 118 3721
54 120 6999
54 124 9714
55 56 450
55 58 2059
55 60 3986
55 62 2943
55 64 1412
55 65 7145
55 68 7666
55 69 869
55 71 1417
55 73 1754
55 74 1478
55 77 508
55 78 4391
55 79 1903
55 80 642
55 87 4617
55 91 2422
55 95 9222
55 96 8719
55 97 6654
55 100 6453
55 102 5918
55 105 8375
55 106 3882
55 107 259
55 108 5399
55 109 3051
55 110 6707
55 111 2848
55 112 7501
55 115 3155
55 116 1833
55 117 677
55 120 8668
55 121 7808
55 122 2297
55 125 277
56 59 7013
56 60 3389
56 61 9356
56 62 8797
56 64 7889
56 68 242
56 69 6568
56 70 1194
56 71 2759
56 72 9293
56 73 7418
56 75 5890
56 77 6890
56 80 3009
56 82 4445
56 84 8794
56 85 2850
56 87 9844
56 89 4277
56 90 9772
56 93 2762
56 94 5697
56 95 1299
56 96 4164
56 97 179
56 99 8937
56 102 5722
56 104 4466
56 106 4045
56 108 8050
56 109 1258
56 110 7589
56 114 1521
56 116 2471
56 119 1770
56 121 7895
56 122 4838
56 123 8476
56 124 2426
57 58 6536
57 60 9653
57 61 9
57 62 5678
57 65 4295
57 66 9498
57 67 4543
57 69 8219
57 70 2077
57 75 1664
57 82 5288
57 83 2206
57 85 4551
57 88 7783
57 91 7663
57 92 2425
57 93 7468
57 95 1635
57 96 6325
57 97 2365
57 98 116
57 99 3678
57 101 5063
57 102 1523
57 104 2076
57 106 1118
57 107 3659
57 108 7285
57 109 3810
57 110 964
57 115 7399
57 117 2260
57 118 2258
57 119 5618
57 120 8713
57 122 2285
57 123 6419
58 60 3471
58 62 9437
58 63 8041
58 64 2034
58 66 3972
58 67 3940
58 73 7926
58 75 6787
58 84 9960
58 88 8883
58 89 6103
58 90 2468
58 92 2703
58 93 7389
58 95 3077
58 96 1233
58 98 6299
58 99 2989
58 102 5023
58 103 4622
58 104 1306
58 106 3266
58 107 2262
58 109 7109
58 110 1883
58 113 2456
58 114 9787
58 115 4180
58 117 9758
58 118 4446
58 119 3159
58 124 8452
58 125 8737
59 61 6093
59 63 9416
59 66 3797
59 67 1895
59 70 592
59 71 1042
59 72 7188
59 74 7172
59 75 169
59 76 3697
59 77 5845
59 78 2519
59 80 7682
59 83 821
59 86 6580
59 87 2429
59 89 5190
59 90 7657
59 91 2945
59 95 337
59 96 6141
59 100 7781
59 105 8566
59 107 4186
59 111 9223
59 115 7975
59 116 2336
59 122 3036
59 125 9293
60 61 7111
60 66 4894
60 67 7519
60 68 3116
60 70 2644
60 78 4495
60 79 3528
60 80 2568
60 81 1047
60 82 2805
60 83 1163
60 84 199
60 85 7558
60 86 4414
60 88 1310
60 89 2252
60 91 1417
60 92 3070
60 96 3402
60 97 2500
60 98 4393
60 101 1057
60 103 3807
60 107 7943
60 108 4983
60 109 8130
60 110 9738
60 111 187
60 115 9710
60 117 8803
60 118 6002
60 119 965
60 120 5156
60 121 2135
60 123 6468
60 125 5180
61 63 5319
61 64 902
61 67 4231
61 69 2447
61 70 9437
61 73 8255
61 74 887
61 80 7998
61 81 2824
61 82 9006
61 87 3147
61 90 1075
61 95 6162
61 99 9617
61 101 5552
61 104 9277
61 106 2807
61 107 4905
61 108 886
61 114 5817
61 118 7136
61 119 3171
61 122 5304
61 123 3517
61 124 4251
62 63 7418
62 64 221
62 66 5528
62 68 9363
62 70 9697
62 73 6309
62 74 9568
62 77 7492
62 80 9432
62 81 8951
62 82 3645
62 83 1671
62 84 6512
62 87 2984
62 88 9585
62 90 3976
62 92 2385
62 93 7088
62 95 7305
62 96 8273
62 99 5365
62 101 3908
62 105 7745
62 106 6320
62 107 9022
62 109 1328
62 110 6586
62 118 3269
62 120 6050
62 122 3072
62 123 4229
62 124 3044
63 64 3054
63 65 1546
63 66 8040
63 67 8802
63 68 2784
63 69 5672
63 71 343
63 73 228
63 74 9127
63 75 9609
63 76 4339
63 79 4508
63 82 1366
63 83 7701
63 84 83
63 89 8651
63 90 1347
63 91 9724
63 92 7049
63 93 9354
63 94 92
63 96 9517
63 99 5988
63 100 2740
63 101 8516
63 102 2588
63 105 3373
63 109 8282
63 115 7530
63 120 4994
63 121 6259
63 123 1666
64 65 8808
64 67 7778
64 69 5368
64 71 4897
64 75 5132
64 76 3727
64 77 4352
64 78 2465
64 82 8713
64 85 241
64 88 9213
64 90 6128
64 91 2752
64 93 5287
64 94 7173
64 95 3466
64 96 9941
64 98 846
64 100 2204
64 105 3843
64 108 3975
64 114 1524
64 115 7446
64 116 6916
64 122 4277
64 123 5828
65 66 5900
65 73 9947
65 75 3489
65 76 2556
65 77 4243
65 78 8119
65 79 2356
65 81 1812
65 83 5773
65 89 9283
65 90 5694
65 91 9872
65 94 6438
65 95 4865
65 97 9737
65 101 749
65 109 8852
65 111 345
65 112 9875
65 113 681
65 115 1884
65 116 5523
65 117 871
65 118 188
65 120 3843
65 121 7154
66 67 5836
66 68 2898
66 69 4414
66 70 3617
66 71 2499
66 72 2788
66 73 9583
66 74 1758
66 76 6436
66 78 2617
66 80 452
66 82 8322
66 83 8862
66 84 7017
66 89 3916
66 93 3870
66 94 2321
66 95 2340
66 96 9142
66 98 8787
66 100 6685
66 102 6871
66 104 9060
66 106 8516
66 108 4539
66 109 9955
66 110 6394
66 112 6962
66 113 2222
66 114 225
66 115 7922
66 118 1356
66 119 3986
66 120 2354
66 121 9863
66 123 818
67 68 8592
67 69 1208
67 72 4320
67 75 1451
67 79 7235
67 81 1553
67 84 1913
67 85 8847
67 86 2407
67 87 9040
67 89 9981
67 92 9508
67 93 4974
67 94 202
67 95 2308
67 96 93
67 99 5554
67 101 5895
67 102 7344
67 103 9501
67 104 3697
67 108 9546
67 109 2795
67 111 2300
67 112 7305
67 113 9324
67 118 6567
67 121 6484
67 122 741
67 123 3850
67 124 7546
68 71 958
68 72 2440
68 73 5045
68 74 345
68 76 3778
68 78 8263
68 79 8190
68 81 1645
68 83 9403
68 84 1669
68 85 3662
68 87 2053
68 89 2153
68 90 3785
68 94 8499
68 98 9328
68 99 9975
68 101 7717
68 102 2823
68 110 7036
68 111 2924
68 112 7864
68 116 7064
68 119 640
68 120 710
68 122 1694
68 123 8325
68 124 5218
69 70 3973
69 72 9122
69 73 7776
69 75 9830
69 76 8571
69 78 648
69 81 6182
69 88 5169
69 93 1027
69 94 9655
69 95 478
69 98 2745
69 100 5351
69 101 263
69 103 4734
69 104 1380
69 105 7112
69 107 6171
69 110 909
69 115 352
69 116 6552
69 117 2147
69 118 2399
69 119 6822
69 120 2777
69 121 2707
69 122 2497
69 123 6831
69 124 1383
70 74 7463
70 76 5828
70 77 4400
70 78 7225
70 79 8956
70 80 374
70 81 4858
70 82 4306
70 84 8193
70 85 8237
70 86 8328
70 95 3850
70 96 2049
70 99 9473
70 100 3579
70 101 8018
70 104 1215
70 105 9428
70 107 162
70 108 1213
70 110 4165
70 113 2251
70 116 3693
70 117 9030
70 120 5719
70 123 1771
71 77 4747
71 78 9640
71 79 5368
71 80 9331
71 89 4178
71 90 7072
71 92 8271
71 95 7321
71 96 5840
71 98 5526
71 101 4659
71 103 4411
71 109 1867
71 110 5714
71 111 8766
71 113 7388
71 114 2517
71 115 9150
71 117 1882
71 120 228
71 121 5944
72 74 705
72 79 7883
72 80 3472
72 81 1740
72 84 2971
72 85 3684
72 87 9271
72 89 4578
72 91 5483
72 92 8988
72 93 4983
72 95 2357
72 98 6954
72 100 3858
72 103 6083
72 106 4456
72 108 8741
72 110 8107
72 111 5445
72 112 5006
72 115 3778
72 117 3399
72 122 5922
72 125 7902
73 76 6404
73 78 7814
73 79 367
73 80 8612
73 83 8045
73 87 9983
73 89 6466
73 90 1530
73 91 9077
73 92 1005
73 93 2930
73 94 4657
73 96 4286
73 99 5675
73 100 456
73 104 9603
73 105 1233
73 108 3123
73 110 2419
73 112 6520
73 115 3955
73 116 368
73 117 4584
73 118 8092
73 123 8918
73 125 4975
74 75 622
74 77 8805
74 79 8175
74 80 1519
74 82 7427
74 83 6709
74 84 2269
74 86 8892
74 90 1065
74 91 7505
74 92 4026
74 97 3389
74 98 103
74 99 4173
74 101 5407
74 102 7875
74 103 5412
74 105 3153
74 106 9519
74 108 4632
74 109 9079
74 110 4362
74 111 6027
74 112 8242
74 113 4512
74 114 500
74 115 3006
74 116 8882
74 117 6930
74 118 2856
74 120 4900
75 83 9295
75 85 1342
75 86 709
75 91 2629
75 92 2817
75 93 3617
75 96 8792
75 98 1190
75 100 8592
75 102 8930
75 103 4963
75 106 3580
75 107 882
75 109 2690
75 110 2476
75 111 4017
75 112 3156
75 113 9524
75 115 487
75 119 53
75 124 7845
76 77 332
76 78 4257
76 79 450
76 81 4879
76 85 5038
76 86 9685
76 87 671
76 90 6645
76 98 5808
76 101 276
76 103 3452
76 105 3017
76 111 7072
76 115 8645
76 119 3407
76 120 6603
76 122 4357
77 78 4166
77 79 9608
77 80 7698
77 85 2312
77 90 5627
77 92 2378
77 94 2815
77 97 1704
77 98 2453
77 100 7743
77 103 2403
77 105 685
77 109 6148
77 110 5900
77 111 7534
77 112 3712
77 117 8611
77 118 6818
77 119 6238
77 120 7231
77 122 7361
78 82 2782
78 83 8857
78 84 4799
78 85 6043
78 88 2621
78 97 4522
78 98 6248
78 101 1724
78 103 2500
78 104 1287
78 106 7810
78 108 2726
78 111 429
78 113 8654
78 114 6662
78 117 620
78 119 1829
78 120 9682
78 121 133
78 125 8478
79 80 7292
79 82 8606
79 83 95
79 85 4261
79 87 9879
79 88 5951
79 92 9516
79 96 4197
79 103 3395
79 104 5949
79 105 7809
79 106 2662
79 107 7927
79 109 4710
79 110 8673
79 112 1298
79 114 4007
79 115 3943
79 116 9735
79 117 791
79 118 1280
79 121 9723
79 122 6363
79 125 3925
80 83 3028
80 84 2364
80 85 7717
80 86 5057
80 88 2152
80 91 4593
80 93 2240
80 94 5050
80 95 8281
80 98 8733
80 99 6109
80 100 8132
80 102 8408
80 103 7227
80 104 884
80 105 2140
80 107 2388
80 108 5990
80 109 6165
80 110 4904
80 111 2725
80 112 9425
80 113 9807
80 115 6747
80 116 6461
80 118 6999
80 119 3247
80 121 5612
80 122 3134
81 83 2080
81 84 57
81 87 5810
81 91 9430
81 92 3855
81 93 9810
81 96 5999
81 97 1098
81 105 9344
81 107 3507
81 109 2713
81 111 5921
81 112 5479
81 113 5308
81 114 3302
81 117 1797
81 119 8481
81 120 3959
81 121 6401
81 122 8919
81 123 4993
81 124 434
81 125 9086
82 84 4855
82 85 6079
82 86 9141
82 87 1440
82 88 4593
82 92 6850
82 93 8913
82 96 5426
82 99 5405
82 101 6174
82 102 374
82 106 9510
82 108 8038
82 109 5402
82 112 6669
82 115 6969
82 117 8025
82 121 1608
82 124 6999
82 125 6425
83 85 1438
83 90 8411
83 96 3471
83 97 389
83 98 1018
83 99 9882
83 101 9078
83 104 1202
83 106 5093
83 107 1911
83 110 8808
83 112 9766
83 116 4811
83 117 6508
83 118 5745
83 122 7631
83 123 466
83 125 4482
84 86 3824
84 91 3845
84 92 4182
84 93 6585
84 94 6933
84 95 2606
84 97 5457
84 98 1741
84 99 3059
84 106 289
84 107 4458
84 108 6845
84 109 9870
84 110 7311
84 111 5736
84 112 5574
84 113 1256
84 118 1129
84 120 4537
84 121 3664
84 123 1116
84 124 9523
85 88 7772
85 91 7701
85 96 618
85 97 1725
85 98 4447
85 101 3940
85 102 7856
85 104 1730
85 105 8462
85 111 7389
85 112 9709
85 114 1146
85 117 3861
85 119 9267
85 121 1495
85 123 8053
86 88 3143
86 92 784
86 93 7349
86 94 9760
86 96 3382
86 100 6309
86 102 941
86 106 402
86 111 560
86 114 3966
86 117 6593
86 118 9937
86 121 3178
86 122 5293
87 88 2256
87 89 6171
87 91 9501
87 92 2992
87 93 8181
87 97 7436
87 98 1548
87 99 353
87 102 9937
87 104 6514
87 105 9094
87 107 6708
87 111 3637
87 112 6837
87 113 8095
87 114 9780
87 115 7877
87 120 4015
87 124 9104
88 89 3560
88 91 9916
88 94 309
88 97 5670
88 103 5053
88 107 9627
88 109 5077
88 110 6272
88 111 7857
88 112 5343
88 113 302
88 115 6803
88 116 8832
88 117 7681
88 118 4959
88 119 607
88 122 7570
88 123 6631
89 90 8075
89 91 4804
89 93 8515
89 94 5476
89 95 6215
89 96 6047
89 97 7562
89 98 7930
89 99 5798
89 100 9042
89 101 6391
89 102 6169
89 105 4735
89 106 2508
89 110 8296
89 111 9420
89 113 5525
89 114 9815
89 115 9369
89 119 8013
89 122 514
90 92 5539
90 93 9677
90 94 4638
90 97 5482
90 99 4732
90 107 2362
90 111 5385
90 112 2965
90 116 9632
90 119 4187
90 120 1413
90 124 3400
90 125 217
91 92 9322
91 93 4957
91 94 8443
91 95 9664
91 96 6500
91 98 8374
91 99 6598
91 100 7800
91 101 55
91 103 5256
91 106 391
91 109 9952
91 110 1423
91 111 6944
91 113 252
91 114 7514
91 115 9876
91 121 2488
91 122 7193
91 123 6748
91 125 3023
92 93 5721
92 94 1953
92 95 9637
92 96 2439
92 98 6939
92 99 5334
92 100 887
92 103 3535
92 106 2333
92 112 1569
92 113 5600
92 118 5499
92 119 3796
92 120 2844
92 123 2772
92 125 9297
93 96 9546
93 98 4643
93 99 9606
93 103 5251
93 104 7438
93 105 5560
93 107 8891
93 108 2688
93 109 10
93 110 5057
93 111 6161
93 115 6162
93 118 8791
93 119 8081
93 121 7846
93 123 7089
93 124 1160
93 125 1499
94 95 9709
94 98 6757
94 107 3868
94 112 9383
94 114 7698
94 115 764
94 117 524
94 118 6068
94 120 3050
94 123 1548
94 124 620
95 96 9581
95 98 4531
95 99 8549
95 100 4192
95 101 3194
95 102 3704
95 103 5168
95 104 7261
95 105 6421
95 108 8857
95 114 8585
95 115 85
95 117 4072
95 118 2654
95 122 8813
95 123 7028
95 125 6637
96 97 8065
96 100 385
96 102 6451
96 105 8326
96 109 3944
96 110 7382
96 111 1368
96 115 271
96 119 6466
96 122 6902
96 125 9580
97 101 9396
97 102 9646
97 103 843
97 108 9987
97 109 575
97 110 7362
97 113 23
97 114 7145
97 116 7092
97 119 7496
97 120 4888
97 123 5913
98 99 5979
98 100 3038
98 103 5913
98 104 295
98 105 8760
98 111 9406
98 114 3927
98 115 5401
98 117 3870
98 118 442
98 120 7535
98 121 8794
98 122 1930
98 123 5593
99 100 6551
99 101 9357
99 103 3005
99 104 6638
99 105 7770
99 108 7633
99 111 9534
99 113 1609
99 114 8054
99 115 3093
99 118 8212
99 120 9329
99 121 4351
99 122 1860
99 123 1108
99 124 8489
99 125 6193
100 101 2795
100 103 8609
100 104 4563
100 105 9414
100 106 1956
100 107 9890
100 108 675
100 109 7837
100 115 8520
100 116 1554
100 118 2847
100 119 9431
100 120 2577
100 121 3886
100 122 2592
100 124 8525
100 125 5493
101 102 8369
101 103 8605
101 104 2273
101 105 4913
101 107 1044
101 109 677
101 112 4884
101 113 8011
101 117 6830
101 118 6692
101 119 1966
101 120 6188
101 121 358
101 122 4196
101 123 3765
101 124 8799
102 105 3319
102 107 7381
102 108 3030
102 111 4758
102 114 7674
102 116 5483
102 119 2483
102 121 1703
102 123 4299
102 124 3827
103 105 636
103 107 5274
103 110 5230
103 112 1405
103 113 515
103 115 3377
103 116 8733
103 117 8701
103 119 4008
103 120 7098
103 121 2204
103 124 2482
104 105 9731
104 106 9032
104 107 5772
104 110 3791
104 111 119
104 112 3
104 113 5240
104 117 5572
104 118 9448
104 119 2021
104 121 8357
104 122 7832
104 124 3910
105 106 9620
105 108 5434
105 109 7943
105 111 891
105 113 1067
105 114 1283
105 115 2715
105 116 8866
105 117 7527
105 119 9930
105 120 9247
105 121 9747
105 122 6604
105 123 919
105 125 8955
106 109 3233
106 110 7589
106 112 4276
106 115 2888
106 119 2484
106 124 3138
106 125 5860
107 108 7625
107 109 4648
107 113 5303
107 114 8555
107 115 4998
107 116 7044
107 118 6994
107 121 1818
108 109 9761
108 116 533
108 118 3634
108 119 1575
108 121 9663
108 125 1057
109 110 4385
109 111 6868
109 112 7819
109 113 4569
109 114 2688
109 115 2783
109 119 7133
110 113 9332
110 116 8349
110 117 7528
110 118 5097
110 120 1258
110 121 6028
110 122 8307
110 125 1668
111 112 6191
111 114 4940
111 115 5125
111 117 9765
111 118 3236
111 119 1537
111 120 8160
112 113 1099
112 115 2690
112 124 3916
113 117 4240
113 124 7682
114 117 1934
114 119 1009
114 121 9743
114 122 2649
114 125 1849
115 117 3154
115 119 4568
115 121 2326
115 122 34
116 118 7363
116 120 8624
116 122 7248
116 123 5269
116 124 7141
116 125 3552
117 119 2579
117 121 2425
117 122 3313
117 124 3365
117 125 9828
118 119 6851
118 121 7270
118 124 2570
119 122 8856
119 123 3393
120 121 1255
120 123 1267
120 124 9688
120 125 2472
121 123 7679
121 124 2042
123 124 1990
124 125 5100
1
2
3
4
-1